0.55654979 0.27893594 0.44539797 39 43 22 0.000000 2.000000 0.000000 -0.893104 -0.416974 -0.168810
0.55724728 0.27569991 0.44656605 38 42 20 0.000000 1.000000 0.000000 -0.745908 -0.130048 -0.653230
0.55297786 0.27270576 0.44823763 37 42 21 0.000000 1.000000 0.000000 -0.847822 0.473380 0.238973
0.55535322 0.27039683 0.45198044 39 44 21 0.000000 1.000000 0.000000 -0.523632 -0.766804 -0.371243
0.55737293 0.27667272 0.44533348 38 42 21 0.000000 1.000000 0.000000 -0.718888 -0.411502 -0.560237
0.55509132 0.28016013 0.44512355 37 40 21 0.000000 1.000000 0.000000 -0.719164 -0.547226 -0.428192
0.55564183 0.27681041 0.44840485 41 45 22 0.000000 1.000000 0.000000 -0.668099 -0.635107 -0.387663
0.55737293 0.27667272 0.44533348 39 42 21 0.000000 1.000000 0.000000 -0.718888 -0.411502 -0.560237
0.55820799 0.27438968 0.44481099 37 40 19 0.000000 1.000000 0.000000 -0.741615 0.202822 -0.639430
0.55509132 0.28016013 0.44512355 37 40 21 0.000000 1.000000 0.000000 -0.719164 -0.547226 -0.428192
0.55291164 0.27055097 0.45062479 39 44 22 0.000000 1.000000 0.000000 -0.805895 -0.551078 0.216440
0.55632162 0.27674586 0.44695598 40 44 21 0.000000 1.000000 0.000000 -0.695028 -0.465019 -0.548355
0.55935293 0.27657804 0.44327682 36 41 21 0.000000 1.000000 0.000000 -0.685008 -0.372894 -0.625871
0.55577111 0.28009558 0.44367468 36 40 21 0.000000 1.000000 0.000000 -0.743183 -0.529908 -0.408505
0.55612582 0.27846766 0.44402972 37 40 20 0.000000 1.000000 0.000000 -0.763545 -0.379330 0.522597
0.55783111 0.28166756 0.44219092 37 40 23 0.000000 1.000000 0.000000 -0.809674 0.362517 0.461530
0.55283725 0.27072832 0.44997239 40 44 22 0.000000 1.000000 0.000000 -0.956424 -0.270095 0.110909
0.55401933 0.26827136 0.45020106 40 44 27 0.000000 1.000000 0.000000 -0.448769 0.314295 0.836556
0.54895842 0.27299407 0.45464087 41 46 23 0.000000 1.000000 0.000000 -0.443121 -0.366885 -0.817948
0.55291784 0.27259985 0.45053640 39 44 21 0.000000 1.000000 0.000000 -0.920141 0.389443 -0.040924
0.55297786 0.27270576 0.44823763 37 42 21 0.000000 1.000000 0.000000 -0.847822 0.473380 0.238973
0.55535322 0.27039683 0.45198044 40 45 22 0.000000 1.000000 0.000000 -0.523632 -0.766804 -0.371243
0.55307162 0.27388424 0.45177051 40 45 22 0.000000 1.000000 0.000000 -0.719401 -0.293208 -0.629676
0.55564183 0.27681041 0.44840485 41 45 22 0.000000 1.000000 0.000000 -0.668099 -0.635107 -0.387663
0.55276155 0.27049589 0.44933766 40 43 24 0.000000 1.000000 0.000000 -0.941893 -0.298516 0.154029
0.55536336 0.27995867 0.44523114 37 40 21 0.000000 1.000000 0.000000 -0.723761 -0.518392 -0.455456
0.55643421 0.27732870 0.44619906 39 44 22 0.000000 1.000000 0.000000 -0.690653 -0.380766 -0.614830
0.55360907 0.28142387 0.44576511 40 43 24 0.000000 1.000000 0.000000 -0.388797 -0.788887 -0.475914
0.55935293 0.27657804 0.44327682 36 41 21 0.000000 1.000000 0.000000 -0.685008 -0.372894 -0.625871
0.55548394 0.28320506 0.44435933 38 41 22 0.000000 1.000000 0.000000 -0.175522 -0.892115 0.416320
0.55480886 0.27579543 0.44861075 39 43 19 0.000000 1.000000 0.000000 -0.842695 0.519147 -0.142655
0.55395925 0.26924849 0.44905531 39 42 22 0.000000 1.000000 0.000000 -0.812280 -0.507478 0.287519
0.55966806 0.27877587 0.44190440 38 41 22 0.000000 1.000000 0.000000 -0.443099 -0.807816 -0.388711
0.55682242 0.28002244 0.44205216 35 38 19 0.000000 2.000000 0.000000 -0.669869 -0.643535 -0.370321
0.54895842 0.27299407 0.45464087 41 46 23 0.000000 1.000000 0.000000 -0.443121 -0.366885 -0.817948
0.55291164 0.27055097 0.45062479 39 45 23 0.000000 1.000000 0.000000 -0.826481 -0.530338 0.188867
0.55632162 0.27674586 0.44695598 41 45 22 0.000000 1.000000 0.000000 -0.695028 -0.465019 -0.548355
0.55199748 0.28048551 0.44769230 37 42 20 0.000000 1.000000 0.000000 -0.449404 -0.522369 -0.724684
0.55935293 0.27657804 0.44327682 35 41 21 0.000000 1.000000 0.000000 -0.685008 -0.372894 -0.625871
0.55577111 0.28009558 0.44367468 37 40 21 0.000000 1.000000 0.000000 -0.743183 -0.529908 -0.408505
0.56002313 0.28126553 0.44254065 40 43 24 0.000000 1.000000 0.000000 -0.142965 -0.021388 0.989497
0.55638784 0.27890068 0.44456881 38 41 22 0.000000 2.000000 0.000000 -0.842456 -0.531702 0.086954
0.55794168 0.28446534 0.44519511 38 43 20 0.000000 1.000000 0.000000 -0.056145 0.964441 -0.258266
0.55820799 0.27438968 0.44481099 37 39 19 0.000000 1.000000 0.000000 -0.741615 0.202822 -0.639430
0.55443120 0.27375516 0.44887280 38 43 20 0.000000 1.000000 0.000000 -0.958055 0.209200 0.195875
0.55737293 0.27667272 0.44533348 39 42 21 0.000000 1.000000 0.000000 -0.718888 -0.411502 -0.560237
0.55966806 0.27877587 0.44190440 38 41 22 0.000000 1.000000 0.000000 -0.443099 -0.807816 -0.388711
0.55682242 0.28002244 0.44205216 35 38 19 0.000000 1.000000 0.000000 -0.631447 -0.687211 -0.359187
0.55343938 0.27264631 0.45164990 40 45 22 0.000000 1.000000 0.000000 -0.992555 -0.018769 -0.120343
0.55395925 0.26924849 0.44905531 38 42 23 0.000000 1.000000 0.000000 -0.812280 -0.507478 0.287519
0.55297786 0.27270576 0.44823763 37 42 21 0.000000 1.000000 0.000000 -0.847822 0.473380 0.238973
0.55690998 0.28023505 0.44222891 36 39 20 0.000000 2.000000 0.000000 -0.892310 -0.073095 -0.445466
0.55783111 0.28166756 0.44219092 37 40 23 0.000000 1.000000 0.000000 -0.809674 0.362517 0.461530
0.55656290 0.27932593 0.44492230 39 42 23 0.000000 2.000000 0.000000 -0.873144 -0.296110 0.387220
0.55686510 0.27722111 0.44373545 38 41 21 0.000000 1.000000 0.000000 -0.673252 -0.589722 0.446050
0.55307037 0.27347445 0.45178822 40 45 22 0.000000 1.000000 0.000000 -0.824688 -0.234967 -0.514470
0.55353141 0.27038050 0.45147473 38 43 20 0.000000 1.000000 0.000000 -0.441875 -0.771244 0.458181
0.55343938 0.27264631 0.45164990 40 45 22 0.000000 1.000000 0.000000 -0.992555 -0.018769 -0.120343
0.55322611 0.27254391 0.44926119 39 43 20 0.000000 1.000000 0.000000 -0.835069 0.549857 0.017826
0.55395925 0.26924849 0.44905531 39 42 23 0.000000 1.000000 0.000000 -0.812280 -0.507478 0.287519
0.55732954 0.26907283 0.44997683 40 45 22 0.000000 1.000000 0.000000 -0.064387 -0.608100 0.791245
0.55533046 0.27584189 0.44972426 39 44 21 0.000000 1.000000 0.000000 -0.747800 -0.035340 -0.662983
0.55439389 0.26928720 0.44998324 39 43 23 0.000000 1.000000 0.000000 -0.516388 -0.492992 0.700216
0.55966806 0.27877587 0.44190440 38 40 22 0.000000 1.000000 0.000000 -0.443099 -0.807816 -0.388711
0.55866945 0.27541324 0.44477871 37 40 20 0.000000 1.000000 0.000000 -0.738047 -0.247065 -0.627890
0.55548394 0.28320506 0.44435933 38 41 22 0.000000 1.000000 0.000000 -0.175522 -0.892115 0.416320
0.55424607 0.27396435 0.44895080 39 43 20 0.000000 1.000000 0.000000 -0.962146 0.177688 0.206644
0.55737293 0.27667272 0.44533348 39 42 21 0.000000 1.000000 0.000000 -0.718888 -0.411502 -0.560237
0.56002313 0.28126553 0.44254065 40 43 23 0.000000 1.000000 0.000000 -0.142965 -0.021388 0.989497
0.55535322 0.27039683 0.45198044 40 45 22 0.000000 1.000000 0.000000 -0.523632 -0.766804 -0.371243
0.55307096 0.27367935 0.45177937 39 45 22 0.000000 1.000000 0.000000 -0.732652 -0.285718 -0.617726
0.55564183 0.27681041 0.44840485 41 45 22 0.000000 1.000000 0.000000 -0.668099 -0.635107 -0.387663
0.55251265 0.27045286 0.44832292 38 41 25 0.000000 1.000000 0.000000 -0.975995 -0.134058 0.171645
0.55199748 0.28048551 0.44769230 37 42 20 0.000000 1.000000 0.000000 -0.449404 -0.522369 -0.724684
0.55546159 0.27974173 0.44496757 37 40 21 0.000000 1.000000 0.000000 -0.752349 -0.561431 -0.344625
0.55331308 0.27255166 0.44944677 39 43 20 0.000000 1.000000 0.000000 -0.850457 0.525959 0.009465
0.55626523 0.27895230 0.44575718 39 44 22 0.000000 1.000000 0.000000 -0.687775 -0.318804 -0.652173
0.55966806 0.27877587 0.44190440 38 41 22 0.000000 1.000000 0.000000 -0.443099 -0.807816 -0.388711
0.55686510 0.27722111 0.44373545 38 41 21 0.000000 1.000000 0.000000 -0.673252 -0.589722 0.446050
0.55608255 0.28106409 0.44235528 36 39 20 0.000000 2.000000 0.000000 -0.709203 -0.621567 -0.332693
0.55533046 0.27584189 0.44972426 39 44 21 0.000000 1.000000 0.000000 -0.747800 -0.035340 -0.662983
0.55646473 0.27954286 0.44518587 39 43 23 0.000000 2.000000 0.000000 -0.857869 -0.182873 0.480228
0.56002313 0.28126553 0.44254065 40 43 24 0.000000 1.000000 0.000000 -0.142965 -0.021388 0.989497
0.55307162 0.27388424 0.45177051 40 45 21 0.000000 1.000000 0.000000 -0.714829 -0.293963 -0.634511
0.55199748 0.28048551 0.44769230 37 42 20 0.000000 1.000000 0.000000 -0.449404 -0.522369 -0.724684
0.55732954 0.26907283 0.44997683 40 45 23 0.000000 1.000000 0.000000 -0.064387 -0.608100 0.791245
0.55439389 0.26928720 0.44998324 39 43 23 0.000000 1.000000 0.000000 -0.516388 -0.492992 0.700216
0.55724728 0.27569991 0.44656605 37 42 19 0.000000 1.000000 0.000000 -0.745908 -0.130048 -0.653230
0.55966806 0.27877587 0.44190440 38 41 22 0.000000 1.000000 0.000000 -0.443099 -0.807816 -0.388711
0.55439389 0.26928720 0.44998324 39 43 23 0.000000 1.000000 0.000000 -0.516388 -0.492992 0.700216
0.55806428 0.28441373 0.44400671 38 41 20 0.000000 1.000000 0.000000 0.039004 0.998304 -0.043221
0.55540335 0.28133351 0.44379529 37 39 21 0.000000 1.000000 0.000000 -0.548577 -0.790643 -0.271931
0.55387706 0.27479252 0.44908908 40 44 21 0.000000 1.000000 0.000000 -0.969212 0.045451 0.241996
0.55794168 0.28446534 0.44519511 38 43 20 0.000000 1.000000 0.000000 -0.056145 0.964441 -0.258266
0.55360907 0.28142387 0.44576511 40 43 24 0.000000 1.000000 0.000000 -0.388797 -0.788887 -0.475914
0.55686510 0.27722111 0.44373545 38 41 21 0.000000 1.000000 0.000000 -0.673252 -0.589722 0.446050
0.55312800 0.27167779 0.45296931 39 45 22 0.000000 1.000000 0.000000 -0.791237 -0.327684 -0.516302
0.55632228 0.27695075 0.44694716 40 44 22 0.000000 1.000000 0.000000 -0.695670 -0.455439 -0.555535
0.55412352 0.27401599 0.45013916 40 45 22 0.000000 1.000000 0.000000 -0.832994 0.450224 -0.321589
0.55401933 0.26827136 0.45020106 40 44 27 0.000000 1.000000 0.000000 -0.448769 0.314295 0.836556
0.55399656 0.27371642 0.44794488 40 44 23 0.000000 1.000000 0.000000 -0.866487 0.404972 0.291886
0.55935293 0.27657804 0.44327682 36 41 21 0.000000 1.000000 0.000000 -0.685008 -0.372894 -0.625871
0.55659097 0.28072056 0.44394445 39 42 24 0.000000 1.000000 0.000000 -0.501852 0.860923 0.083406
0.55686510 0.27722111 0.44373545 38 41 22 0.000000 1.000000 0.000000 -0.673252 -0.589722 0.446050
0.55412227 0.27360621 0.45015684 40 45 22 0.000000 1.000000 0.000000 -0.781667 0.521646 -0.341879
0.55724728 0.27569991 0.44656605 38 41 20 0.000000 1.000000 0.000000 -0.745908 -0.130048 -0.653230
0.55682242 0.28002244 0.44205216 35 38 19 0.000000 1.000000 0.000000 -0.631447 -0.687211 -0.359187
0.55686510 0.27722111 0.44373545 38 41 21 0.000000 1.000000 0.000000 -0.673252 -0.589722 0.446050
0.55449748 0.27482694 0.44993016 40 45 22 0.000000 1.000000 0.000000 -0.963693 0.160834 -0.213137
0.55401933 0.26827136 0.45020106 39 43 26 0.000000 1.000000 0.000000 -0.448769 0.314295 0.836556
0.55806428 0.28441373 0.44400671 38 41 20 0.000000 1.000000 0.000000 0.039004 0.998304 -0.043221
0.55376142 0.27318525 0.44989020 40 44 21 0.000000 1.000000 0.000000 -0.828027 0.534549 -0.169199
0.55292356 0.27053118 0.45016682 40 44 23 0.000000 1.000000 0.000000 -0.879985 -0.440725 0.177168
0.55632162 0.27674586 0.44695598 40 44 21 0.000000 1.000000 0.000000 -0.698890 -0.458699 -0.548770
0.55935293 0.27657804 0.44327682 36 41 21 0.000000 1.000000 0.000000 -0.685008 -0.372894 -0.625871
0.55966806 0.27877587 0.44190440 38 41 22 0.000000 1.000000 0.000000 -0.443099 -0.807816 -0.388711
0.55632162 0.27674586 0.44695598 41 45 22 0.000000 1.000000 0.000000 -0.695028 -0.465019 -0.548355
0.55935293 0.27657804 0.44327682 36 41 21 0.000000 1.000000 0.000000 -0.685008 -0.372894 -0.625871
0.55654734 0.27811641 0.44543332 38 43 22 0.000000 2.000000 0.000000 -0.860482 -0.392527 -0.324797
0.55535322 0.27039683 0.45198044 40 45 22 0.000000 1.000000 0.000000 -0.523632 -0.766804 -0.371243
0.55564183 0.27681041 0.44840485 41 45 22 0.000000 1.000000 0.000000 -0.668099 -0.635107 -0.387663
0.55199748 0.28048551 0.44769230 37 42 20 0.000000 1.000000 0.000000 -0.449404 -0.522369 -0.724684
0.55737293 0.27667272 0.44533348 38 42 21 0.000000 1.000000 0.000000 -0.718888 -0.411502 -0.560237
0.55820799 0.27438968 0.44481099 37 40 19 0.000000 1.000000 0.000000 -0.741615 0.202822 -0.639430
0.55509132 0.28016013 0.44512355 36 40 21 0.000000 1.000000 0.000000 -0.716963 -0.554694 -0.422230
0.55608255 0.28106409 0.44235528 36 39 20 0.000000 2.000000 0.000000 -0.710893 -0.623448 -0.325489
0.55659097 0.28072056 0.44394445 39 43 24 0.000000 1.000000 0.000000 -0.501852 0.860923 0.083406
0.55612522 0.27826276 0.44403857 37 40 21 0.000000 1.000000 0.000000 -0.757748 -0.404241 0.512257
0.55820799 0.27438968 0.44481099 37 40 19 0.000000 1.000000 0.000000 -0.741615 0.202822 -0.639430
0.55806428 0.28441373 0.44400671 38 41 20 0.000000 1.000000 0.000000 0.039004 0.998304 -0.043221
0.55540335 0.28133351 0.44379529 37 40 21 0.000000 1.000000 0.000000 -0.548577 -0.790643 -0.271931
0.55322611 0.27254391 0.44926119 39 43 20 0.000000 1.000000 0.000000 -0.835069 0.549857 0.017826
0.55966806 0.27877587 0.44190440 38 41 21 0.000000 1.000000 0.000000 -0.443099 -0.807816 -0.388711
0.55564183 0.27681041 0.44840485 41 45 21 0.000000 1.000000 0.000000 -0.668099 -0.635107 -0.387663
0.55305296 0.27165025 0.45232573 39 44 21 0.000000 1.000000 0.000000 -0.980816 -0.190484 -0.041410
0.55353141 0.27038050 0.45147473 38 43 20 0.000000 1.000000 0.000000 -0.441875 -0.771244 0.458181
0.55399656 0.27371642 0.44794488 39 44 22 0.000000 1.000000 0.000000 -0.883632 0.371818 0.284509
0.55737293 0.27667272 0.44533348 39 42 21 0.000000 1.000000 0.000000 -0.718888 -0.411502 -0.560237
0.55659097 0.28072056 0.44394445 40 43 23 0.000000 1.000000 0.000000 -0.501852 0.860923 0.083406
0.55732954 0.26907283 0.44997683 40 45 23 0.000000 1.000000 0.000000 -0.064387 -0.608100 0.791245
0.55794168 0.28446534 0.44519511 38 43 20 0.000000 1.000000 0.000000 -0.056145 0.964441 -0.258266
0.55686510 0.27722111 0.44373545 37 41 21 0.000000 1.000000 0.000000 -0.673252 -0.589722 0.446050
0.55718327 0.28044340 0.44231883 36 39 21 0.000000 2.000000 0.000000 -0.834411 0.399066 -0.380138
0.55806428 0.28441373 0.44400671 38 41 20 0.000000 1.000000 0.000000 0.039004 0.998304 -0.043221
0.55254203 0.27117422 0.45077193 40 45 23 0.000000 1.000000 0.000000 -0.976897 -0.201233 0.071956
0.55632162 0.27674586 0.44695598 41 45 22 0.000000 1.000000 0.000000 -0.695028 -0.465019 -0.548355
0.55199748 0.28048551 0.44769230 37 42 20 0.000000 1.000000 0.000000 -0.449404 -0.522369 -0.724684
0.55935293 0.27657804 0.44327682 36 41 21 0.000000 1.000000 0.000000 -0.685008 -0.372894 -0.625871
0.55577177 0.28030047 0.44366583 37 40 21 0.000000 1.000000 0.000000 -0.729760 -0.562489 -0.388659
0.55612582 0.27846766 0.44402972 37 40 21 0.000000 1.000000 0.000000 -0.763545 -0.379330 0.522597
0.54895842 0.27299407 0.45464087 41 46 23 0.000000 1.000000 0.000000 -0.443121 -0.366885 -0.817948
0.55732954 0.26907283 0.44997683 40 45 23 0.000000 1.000000 0.000000 -0.064387 -0.608100 0.791245
0.55533046 0.27584189 0.44972426 39 44 21 0.000000 1.000000 0.000000 -0.747800 -0.035340 -0.662983
0.55439389 0.26928720 0.44998324 39 43 23 0.000000 1.000000 0.000000 -0.516388 -0.492992 0.700216
0.55548394 0.28320506 0.44435933 38 41 22 0.000000 1.000000 0.000000 -0.175522 -0.892115 0.416320
0.55626523 0.27895230 0.44575718 39 43 21 0.000000 1.000000 0.000000 -0.687775 -0.318804 -0.652173
0.55235749 0.27158830 0.45084107 41 46 23 0.000000 1.000000 0.000000 -0.999976 -0.004926 -0.004926
0.55540335 0.28133351 0.44379529 37 40 21 0.000000 1.000000 0.000000 -0.548577 -0.790643 -0.271931
0.54895842 0.27299407 0.45464087 40 45 22 0.000000 1.000000 0.000000 -0.443121 -0.366885 -0.817948
0.55533046 0.27584189 0.44972426 39 44 21 0.000000 1.000000 0.000000 -0.747800 -0.035340 -0.662983
0.55199748 0.28048551 0.44769230 37 42 20 0.000000 1.000000 0.000000 -0.449404 -0.522369 -0.724684
0.55430925 0.27401167 0.45005235 40 45 22 0.000000 1.000000 0.000000 -0.866618 0.409702 -0.284811
0.55401933 0.26827136 0.45020106 40 44 27 0.000000 1.000000 0.000000 -0.448769 0.314295 0.836556
0.55360907 0.28142387 0.44576511 40 43 24 0.000000 1.000000 0.000000 -0.388797 -0.788887 -0.475914
0.55305296 0.27165025 0.45232573 39 44 21 0.000000 1.000000 0.000000 -0.985231 -0.171197 -0.003401
0.56002313 0.28126553 0.44254065 40 43 23 0.000000 1.000000 0.000000 -0.142965 -0.021388 0.989497
0.55745715 0.28085661 0.44239992 37 39 22 0.000000 1.000000 0.000000 -0.869233 0.453190 -0.197620
0.55732954 0.26907283 0.44997683 40 44 22 0.000000 1.000000 0.000000 -0.064387 -0.608100 0.791245
0.55439389 0.26928720 0.44998324 39 43 23 0.000000 1.000000 0.000000 -0.516388 -0.492992 0.700216
0.55724728 0.27569991 0.44656605 38 42 20 0.000000 1.000000 0.000000 -0.745908 -0.130048 -0.653230
0.55307162 0.27388424 0.45177051 40 45 22 0.000000 1.000000 0.000000 -0.714829 -0.293963 -0.634511
0.55334628 0.27058968 0.45155272 38 43 20 0.000000 1.000000 0.000000 -0.581689 -0.665505 0.467698
0.55589682 0.28106838 0.44244209 36 39 20 0.000000 1.000000 0.000000 -0.697902 -0.639608 -0.322233
0.55638659 0.27849090 0.44458649 38 41 22 0.000000 1.000000 0.000000 -0.763545 -0.379330 0.522597
0.55659097 0.28072056 0.44394445 40 42 23 0.000000 1.000000 0.000000 -0.501852 0.860923 0.083406
0.55353141 0.27038050 0.45147473 38 43 20 0.000000 1.000000 0.000000 -0.441875 -0.771244 0.458181
0.55412227 0.27360621 0.45015684 41 46 23 0.000000 1.000000 0.000000 -0.781667 0.521646 -0.341879
0.55399656 0.27371642 0.44794488 40 44 23 0.000000 1.000000 0.000000 -0.866487 0.404972 0.291886
0.55278844 0.27148074 0.44837749 37 40 22 0.000000 1.000000 0.000000 -0.956250 0.240725 0.166246
0.55732954 0.26907283 0.44997683 40 45 23 0.000000 1.000000 0.000000 -0.064387 -0.608100 0.791245
0.55449748 0.27482694 0.44993016 40 44 21 0.000000 1.000000 0.000000 -0.977295 0.146033 -0.153521
0.55401933 0.26827136 0.45020106 39 43 26 0.000000 1.000000 0.000000 -0.450958 0.307400 0.837939
0.55794168 0.28446534 0.44519511 37 42 20 0.000000 1.000000 0.000000 -0.056145 0.964441 -0.258266
0.55360907 0.28142387 0.44576511 40 43 24 0.000000 1.000000 0.000000 -0.388797 -0.788887 -0.475914
0.55480886 0.27579543 0.44861075 39 43 20 0.000000 1.000000 0.000000 -0.842695 0.519147 -0.142655
0.55548394 0.28320506 0.44435933 38 41 22 0.000000 1.000000 0.000000 -0.175522 -0.892115 0.416320
0.55783111 0.28166756 0.44219092 37 40 23 0.000000 1.000000 0.000000 -0.809674 0.362517 0.461530
0.55617833 0.27894455 0.44557160 38 43 22 0.000000 1.000000 0.000000 -0.720601 -0.364385 -0.589880
0.55866945 0.27541324 0.44477871 37 40 20 0.000000 1.000000 0.000000 -0.738047 -0.247065 -0.627890
0.55284971 0.27091339 0.44950557 40 43 22 0.000000 1.000000 0.000000 -0.994348 -0.088163 0.059148
0.55644792 0.27792355 0.44571456 39 44 22 0.000000 1.000000 0.000000 -0.675065 -0.290230 -0.678272
0.55535322 0.27039683 0.45198044 39 45 21 0.000000 1.000000 0.000000 -0.523632 -0.766804 -0.371243
0.55199748 0.28048551 0.44769230 37 42 20 0.000000 1.000000 0.000000 -0.449404 -0.522369 -0.724684
0.55737293 0.27667272 0.44533348 39 42 21 0.000000 1.000000 0.000000 -0.718888 -0.411502 -0.560237
0.55509132 0.28016013 0.44512355 37 40 21 0.000000 1.000000 0.000000 -0.719164 -0.547226 -0.428192
0.55535322 0.27039683 0.45198044 39 44 21 0.000000 1.000000 0.000000 -0.523632 -0.766804 -0.371243
0.55307162 0.27388424 0.45177051 40 45 22 0.000000 1.000000 0.000000 -0.714829 -0.293963 -0.634511
0.55564183 0.27681041 0.44840485 41 45 22 0.000000 1.000000 0.000000 -0.668099 -0.635107 -0.387663
0.55260020 0.27066550 0.44849965 37 41 24 0.000000 1.000000 0.000000 -0.983488 -0.045826 0.175077
0.55820799 0.27438968 0.44481099 37 40 19 0.000000 1.000000 0.000000 -0.741615 0.202822 -0.639430
0.55519074 0.28035295 0.44484231 37 40 21 0.000000 1.000000 0.000000 -0.690500 -0.601083 -0.402378
0.55312800 0.27167779 0.45296931 39 44 21 0.000000 1.000000 0.000000 -0.791237 -0.327684 -0.516302
0.55644792 0.27792355 0.44571456 39 44 22 0.000000 1.000000 0.000000 -0.675065 -0.290230 -0.678272
0.55589682 0.28106838 0.44244209 36 38 19 0.000000 1.000000 0.000000 -0.697902 -0.639608 -0.322233
0.55401933 0.26827136 0.45020106 40 44 27 0.000000 1.000000 0.000000 -0.448769 0.314295 0.836556
0.55480886 0.27579543 0.44861075 39 43 20 0.000000 1.000000 0.000000 -0.842695 0.519147 -0.142655
0.55395925 0.26924849 0.44905531 39 42 23 0.000000 1.000000 0.000000 -0.812280 -0.507478 0.287519
0.55285156 0.27152807 0.44947904 38 43 20 0.000000 1.000000 0.000000 -0.986891 0.152636 -0.052432
0.55480886 0.27579543 0.44861075 38 43 19 0.000000 1.000000 0.000000 -0.842695 0.519147 -0.142655
0.55866945 0.27541324 0.44477871 37 40 20 0.000000 1.000000 0.000000 -0.738047 -0.247065 -0.627890
0.55279213 0.27162704 0.45176899 39 44 21 0.000000 1.000000 0.000000 -0.941378 -0.021597 0.336660
0.55829489 0.27439743 0.44499657 37 40 19 0.000000 1.000000 0.000000 -0.747443 0.188779 -0.636938
0.55303729 0.27152377 0.44939223 38 42 20 0.000000 1.000000 0.000000 -0.986891 0.152636 -0.052432
0.55360907 0.28142387 0.44576511 40 43 24 0.000000 1.000000 0.000000 -0.388797 -0.788887 -0.475914
0.55644792 0.27792355 0.44571456 39 44 22 0.000000 1.000000 0.000000 -0.675065 -0.290230 -0.678272
0.55360907 0.28142387 0.44576511 40 43 23 0.000000 1.000000 0.000000 -0.388797 -0.788887 -0.475914
0.55612582 0.27846766 0.44402972 37 40 21 0.000000 1.000000 0.000000 -0.763545 -0.379330 0.522597
0.55353141 0.27038050 0.45147473 38 43 20 0.000000 1.000000 0.000000 -0.441875 -0.771244 0.458181
0.55399656 0.27371642 0.44794488 39 44 22 0.000000 1.000000 0.000000 -0.883632 0.371818 0.284509
0.55832291 0.22786969 0.40911821 63 47 23 0.000000 1.000000 1.000000 0.493075 -0.806995 0.325017
0.55867308 0.22786681 0.40846872 64 49 26 0.000000 1.000000 1.000000 0.612638 -0.445707 -0.652702
0.52903509 0.21423563 0.39394745 65 50 28 0.000000 1.000000 1.000000 0.470048 -0.106506 -0.876192
0.52693355 0.21231173 0.39310238 57 44 25 0.000000 1.000000 1.000000 0.471812 -0.082602 -0.877822
0.55676460 0.22740525 0.40939784 65 47 24 0.000000 1.000000 1.000000 0.373075 -0.675480 0.636036
0.55855638 0.22786777 0.40868524 63 48 25 0.000000 1.000000 1.000000 0.664225 -0.627784 -0.405823
0.55719936 0.23011297 0.40766430 63 47 24 0.000000 1.000000 1.000000 0.251734 0.498835 -0.829333
0.55855638 0.22786777 0.40868524 64 48 25 0.000000 1.000000 1.000000 0.661890 -0.645384 -0.381288
0.52693355 0.21231173 0.39310238 57 44 24 0.000000 1.000000 1.000000 0.471812 -0.082602 -0.877822
0.52693355 0.21231173 0.39310238 56 44 24 0.000000 1.000000 1.000000 0.471812 -0.082602 -0.877822
0.52903509 0.21423563 0.39394745 65 50 28 0.000000 1.000000 1.000000 0.470048 -0.106506 -0.876192
0.52693355 0.21231173 0.39310238 57 44 25 0.000000 1.000000 1.000000 0.471812 -0.082602 -0.877822
0.55719936 0.23011297 0.40766430 63 47 24 0.000000 1.000000 1.000000 0.251734 0.498835 -0.829333
0.55710238 0.22764549 0.40929946 64 47 23 0.000000 1.000000 1.000000 0.401507 -0.708833 0.579955
0.52903509 0.21423563 0.39394745 65 50 28 0.000000 1.000000 1.000000 0.470048 -0.106506 -0.876192
0.55719936 0.23011297 0.40766430 63 46 24 0.000000 1.000000 1.000000 0.251734 0.498835 -0.829333
0.52693355 0.21231173 0.39310238 57 44 24 0.000000 1.000000 1.000000 0.471812 -0.082602 -0.877822
0.52903509 0.21423563 0.39394745 65 50 28 0.000000 1.000000 1.000000 0.470048 -0.106506 -0.876192
0.55619198 0.22618610 0.40937394 62 46 24 0.000000 1.000000 1.000000 0.330488 -0.376603 0.865418
0.55719936 0.23011297 0.40766430 63 47 24 0.000000 1.000000 1.000000 0.251734 0.498835 -0.829333
0.55619198 0.22618610 0.40937394 62 46 24 0.000000 1.000000 1.000000 0.330488 -0.376603 0.865418
0.55676460 0.22740525 0.40939784 65 47 24 0.000000 1.000000 1.000000 0.373075 -0.675480 0.636036
0.52903509 0.21423563 0.39394745 64 50 27 0.000000 1.000000 1.000000 0.470048 -0.106506 -0.876192
0.55765659 0.22788101 0.40931779 64 47 24 0.000000 1.000000 1.000000 0.461560 -0.774702 0.432202
0.55619198 0.22618610 0.40937394 62 46 24 0.000000 1.000000 1.000000 0.330488 -0.376603 0.865418
0.55867308 0.22786681 0.40846872 63 49 26 0.000000 1.000000 1.000000 0.612638 -0.445707 -0.652702
0.55867308 0.22786681 0.40846872 64 49 26 0.000000 1.000000 1.000000 0.612638 -0.445707 -0.652702
0.55676460 0.22740525 0.40939784 65 46 23 0.000000 1.000000 1.000000 0.373075 -0.675480 0.636036
0.52693355 0.21231173 0.39310238 57 44 25 0.000000 1.000000 1.000000 0.471812 -0.082602 -0.877822
0.55719936 0.23011297 0.40766430 62 47 23 0.000000 1.000000 1.000000 0.251734 0.498835 -0.829333
0.55832291 0.22786969 0.40911821 64 48 24 0.000000 1.000000 1.000000 0.493075 -0.806995 0.325017
0.55719936 0.23011297 0.40766430 63 47 24 0.000000 1.000000 1.000000 0.251734 0.498835 -0.829333
0.55619198 0.22618610 0.40937394 62 46 24 0.000000 1.000000 1.000000 0.330488 -0.376603 0.865418
0.52903509 0.21423563 0.39394745 65 50 28 0.000000 1.000000 1.000000 0.470048 -0.106506 -0.876192
0.57351857 0.23614758 0.41755345 55 45 23 0.000000 1.000000 1.000000 0.569949 -0.804546 0.166924
0.56378764 0.23685142 0.41230416 65 48 26 0.000000 1.000000 1.000000 0.380477 0.647304 -0.660481
0.56647408 0.23531848 0.41347983 37 25 11 0.000000 1.000000 1.000000 0.533884 0.464030 -0.706855
0.56784534 0.23554732 0.41198272 44 32 15 0.000000 1.000000 1.000000 0.046834 0.645742 0.762118
0.57082534 0.24184695 0.41914999 62 53 26 0.000000 1.000000 1.000000 0.508951 -0.004029 -0.860786
0.57023185 0.23498592 0.41634548 59 47 24 0.000000 2.000000 1.000000 0.674612 -0.711661 0.196054
0.57108533 0.23964307 0.41650563 61 43 28 0.000000 1.000000 1.000000 0.224192 0.570530 -0.790084
0.56650347 0.23507817 0.41237906 39 27 10 0.000000 1.000000 1.000000 0.173391 0.973269 0.150610
0.60017365 0.25328463 0.43100998 69 54 33 0.000000 1.000000 1.000000 0.834746 0.168741 -0.524143
0.56298900 0.23784174 0.41382518 66 51 25 0.000000 1.000000 1.000000 0.741823 -0.470867 -0.477476
0.57605302 0.23806205 0.41863197 54 45 24 0.000000 1.000000 1.000000 0.708592 -0.627517 -0.322677
0.56463146 0.23928045 0.41498375 65 51 24 0.000000 1.000000 1.000000 0.712182 -0.368370 -0.597578
0.57400525 0.23810822 0.41724834 58 44 24 0.000000 1.000000 1.000000 0.487147 -0.020242 -0.873086
0.57215095 0.23692013 0.41597444 49 37 21 0.000000 1.000000 1.000000 0.278944 0.537401 -0.795858
0.57082534 0.24184695 0.41914999 63 53 25 0.000000 1.000000 1.000000 0.508951 -0.004029 -0.860786
0.60158730 0.25497118 0.43260294 75 62 34 0.000000 1.000000 1.000000 0.771220 -0.058664 -0.633860
0.56988353 0.23770593 0.41502801 41 29 15 0.000000 1.000000 1.000000 0.471762 0.121884 -0.873261
0.59985608 0.25231227 0.43000478 66 51 34 0.000000 1.000000 1.000000 0.725618 0.479871 -0.493155
0.56200117 0.23124164 0.40968925 63 46 22 0.000000 1.000000 1.000000 0.480268 0.137841 -0.866223
0.56704956 0.23849930 0.41461432 63 46 24 0.000000 1.000000 1.000000 0.222768 0.612222 -0.758656
0.57108533 0.23964307 0.41650563 60 44 27 0.000000 1.000000 1.000000 0.224192 0.570530 -0.790084
0.56672734 0.23728104 0.41360772 57 43 24 0.000000 1.000000 1.000000 0.269497 0.568937 -0.776970
0.56704956 0.23849930 0.41461432 63 46 25 0.000000 1.000000 1.000000 0.222768 0.612222 -0.758656
0.56784534 0.23554732 0.41198272 44 32 15 0.000000 1.000000 1.000000 0.046834 0.645742 0.762118
0.56672734 0.23728104 0.41360772 58 43 24 0.000000 1.000000 1.000000 0.269497 0.568937 -0.776970
0.57605302 0.23806205 0.41863197 54 46 25 0.000000 1.000000 1.000000 0.708592 -0.627517 -0.322677
0.56704956 0.23849930 0.41461432 63 46 25 0.000000 1.000000 1.000000 0.222768 0.612222 -0.758656
0.60165662 0.25153032 0.43181720 40 34 22 0.000000 1.000000 1.000000 0.938368 0.042712 0.342990
0.56401962 0.23586869 0.41131589 54 39 21 0.000000 1.000000 1.000000 0.441498 0.591441 -0.674742
0.56784534 0.23554732 0.41198272 44 32 15 0.000000 1.000000 1.000000 0.046834 0.645742 0.762118
0.57400525 0.23810822 0.41724834 59 45 25 0.000000 1.000000 1.000000 0.487147 -0.020242 -0.873086
0.56198275 0.23025802 0.40968367 65 49 25 0.000000 1.000000 1.000000 0.657030 -0.552846 -0.512517
0.59985608 0.25231227 0.43000478 66 51 34 0.000000 1.000000 1.000000 0.725618 0.479871 -0.493155
0.57108533 0.23964307 0.41650563 60 43 27 0.000000 1.000000 1.000000 0.224192 0.570530 -0.790084
0.57082534 0.24184695 0.41914999 63 53 26 0.000000 1.000000 1.000000 0.508951 -0.004029 -0.860786
0.56482631 0.23902704 0.41564879 65 52 25 0.000000 1.000000 1.000000 0.664250 -0.247713 -0.705273
0.56198275 0.23025802 0.40968367 65 49 25 0.000000 1.000000 1.000000 0.657030 -0.552846 -0.512517
0.56443202 0.23928797 0.41431734 66 50 23 0.000000 1.000000 1.000000 0.741823 -0.470867 -0.477476
0.56988353 0.23770593 0.41502801 41 29 15 0.000000 1.000000 1.000000 0.471762 0.121884 -0.873261
0.56472731 0.23363763 0.41198668 64 49 26 0.000000 1.000000 1.000000 0.375603 0.329611 -0.866187
0.56575119 0.23583099 0.41224959 40 27 13 0.000000 1.000000 1.000000 0.621657 0.608180 -0.493619
0.56987709 0.23474288 0.41699356 57 48 25 0.000000 1.000000 1.000000 0.078230 -0.544767 0.834930
0.59985608 0.25231227 0.43000478 66 51 34 0.000000 1.000000 1.000000 0.725618 0.479871 -0.493155
0.57676214 0.24124472 0.41900024 44 30 17 0.000000 1.000000 1.000000 0.392622 0.249307 -0.885265
0.57351857 0.23614758 0.41755345 54 44 22 0.000000 1.000000 1.000000 0.569949 -0.804546 0.166924
0.56672734 0.23728104 0.41360772 58 43 24 0.000000 1.000000 1.000000 0.269497 0.568937 -0.776970
0.60017365 0.25328463 0.43100998 70 54 33 0.000000 1.000000 1.000000 0.841481 0.145896 -0.520215
0.57102340 0.24085860 0.41926113 62 48 27 0.000000 1.000000 1.000000 0.508951 -0.004029 -0.860786
0.56298900 0.23784174 0.41382518 66 51 25 0.000000 1.000000 1.000000 0.741823 -0.470867 -0.477476
0.60158730 0.25497118 0.43260294 75 62 34 0.000000 1.000000 1.000000 0.771220 -0.058664 -0.633860
0.60165662 0.25153032 0.43181720 40 34 22 0.000000 1.000000 1.000000 0.938368 0.042712 0.342990
0.57400525 0.23810822 0.41724834 59 45 25 0.000000 1.000000 1.000000 0.487147 -0.020242 -0.873086
0.57630628 0.24002460 0.41875982 35 25 13 0.000000 1.000000 1.000000 0.474225 0.012023 -0.880322
0.56199658 0.23099574 0.40968788 63 46 22 0.000000 1.000000 1.000000 0.573879 -0.069777 -0.815962
0.56647408 0.23531848 0.41347983 37 24 11 0.000000 1.000000 1.000000 0.537821 0.390697 -0.747064
0.57351857 0.23614758 0.41755345 55 45 23 0.000000 1.000000 1.000000 0.569949 -0.804546 0.166924
0.56337953 0.23637463 0.41096854 66 50 28 0.000000 1.000000 1.000000 0.656634 0.603167 -0.452793
0.56443202 0.23928797 0.41431734 66 51 24 0.000000 1.000000 1.000000 0.741823 -0.470867 -0.477476
0.60158730 0.25497118 0.43260294 75 62 34 0.000000 1.000000 1.000000 0.771220 -0.058664 -0.633860
0.57108533 0.23964307 0.41650563 61 44 28 0.000000 1.000000 1.000000 0.224192 0.570530 -0.790084
0.56987709 0.23474288 0.41699356 56 47 25 0.000000 1.000000 1.000000 0.078230 -0.544767 0.834930
0.57630628 0.24002460 0.41875982 35 24 13 0.000000 1.000000 1.000000 0.474096 0.003984 -0.880464
0.56337953 0.23637463 0.41096854 66 50 28 0.000000 1.000000 1.000000 0.656634 0.603167 -0.452793
0.60137123 0.25227928 0.43082178 52 44 28 0.000000 1.000000 1.000000 0.562186 0.824065 -0.069740
0.60167819 0.25177902 0.43126890 42 36 22 0.000000 1.000000 1.000000 0.922630 0.265453 0.279802
0.60145110 0.25031108 0.43059412 49 43 24 0.000000 1.000000 1.000000 0.819824 -0.508695 0.262904
0.57653654 0.24075761 0.41888073 39 27 15 0.000000 1.000000 1.000000 0.438260 0.148003 -0.886579
0.56553477 0.23583570 0.41213286 40 27 13 0.000000 1.000000 1.000000 0.611237 0.607869 -0.506838
0.56784534 0.23554732 0.41198272 44 32 15 0.000000 1.000000 1.000000 0.046834 0.645742 0.762118
0.57400525 0.23810822 0.41724834 59 44 25 0.000000 1.000000 1.000000 0.487147 -0.020242 -0.873086
0.57193446 0.23692484 0.41585773 49 37 21 0.000000 2.000000 1.000000 0.326759 0.465671 -0.822423
0.56766707 0.23406723 0.41329023 64 47 23 0.000000 1.000000 1.000000 0.543342 0.066330 -0.836887
0.57215095 0.23692013 0.41597444 48 37 21 0.000000 1.000000 1.000000 0.278944 0.537401 -0.795858
0.57082075 0.24160103 0.41914859 62 51 26 0.000000 1.000000 1.000000 0.508951 -0.004029 -0.860786
0.56574661 0.23558508 0.41224819 39 26 12 0.000000 1.000000 1.000000 0.586496 0.686184 -0.430319
0.57147861 0.23570472 0.41561735 57 45 26 0.000000 1.000000 1.000000 0.619202 -0.300755 -0.725351
0.60019207 0.25426826 0.43101555 75 61 34 0.000000 1.000000 1.000000 0.829545 -0.066647 -0.554448
0.56380004 0.23660833 0.41175306 60 44 24 0.000000 1.000000 1.000000 0.399382 0.628073 -0.667846
0.56784534 0.23554732 0.41198272 44 32 15 0.000000 1.000000 1.000000 0.046834 0.645742 0.762118
0.56200117 0.23124164 0.40968925 63 46 22 0.000000 1.000000 1.000000 0.480268 0.137841 -0.866223
0.57108533 0.23964307 0.41650563 61 43 28 0.000000 1.000000 1.000000 0.224192 0.570530 -0.790084
0.60019207 0.25426826 0.43101555 74 60 33 0.000000 1.000000 1.000000 0.834616 -0.060520 -0.547497
0.57351857 0.23614758 0.41755345 55 45 23 0.000000 1.000000 1.000000 0.569949 -0.804546 0.166924
0.56482631 0.23902704 0.41564879 65 52 25 0.000000 1.000000 1.000000 0.664250 -0.247713 -0.705273
0.56556547 0.23214333 0.41244516 67 51 26 0.000000 1.000000 1.000000 0.654727 -0.604492 -0.453787
0.57605302 0.23806205 0.41863197 54 46 25 0.000000 1.000000 1.000000 0.708592 -0.627517 -0.322677
0.57081228 0.23571606 0.41581690 62 46 23 0.000000 1.000000 1.000000 0.587273 -0.078973 -0.805527
0.60019207 0.25426826 0.43101555 75 60 34 0.000000 1.000000 1.000000 0.829545 -0.066647 -0.554448
0.60189003 0.25152838 0.43138421 40 34 21 0.000000 1.000000 1.000000 0.938368 0.042712 0.342990
0.60145110 0.25031108 0.43059412 49 43 24 0.000000 1.000000 1.000000 0.819824 -0.508695 0.262904
0.60019207 0.25426826 0.43101555 75 61 34 0.000000 1.000000 1.000000 0.829545 -0.066647 -0.554448
0.60019207 0.25426826 0.43101555 74 60 33 0.000000 1.000000 1.000000 0.834616 -0.060520 -0.547497
0.56704956 0.23849930 0.41461432 63 46 25 0.000000 1.000000 1.000000 0.222768 0.612222 -0.758656
0.56556547 0.23214333 0.41244516 67 50 25 0.000000 1.000000 1.000000 0.654727 -0.604492 -0.453787
0.56556547 0.23214333 0.41244516 67 51 26 0.000000 1.000000 1.000000 0.654727 -0.604492 -0.453787
0.57092899 0.23571511 0.41560039 60 45 23 0.000000 2.000000 1.000000 0.602543 -0.132411 -0.787026
0.56647408 0.23531848 0.41347983 37 25 11 0.000000 1.000000 1.000000 0.537821 0.390697 -0.747064
0.60158730 0.25497118 0.43260294 75 62 34 0.000000 1.000000 1.000000 0.771220 -0.058664 -0.633860
0.60124987 0.25203434 0.43103686 52 43 28 0.000000 1.000000 1.000000 0.784873 0.614937 -0.076327
0.56472731 0.23363763 0.41198668 64 49 26 0.000000 1.000000 1.000000 0.375603 0.329611 -0.866187
0.59963965 0.25231698 0.42988807 66 51 34 0.000000 1.000000 1.000000 0.757448 0.417169 -0.502238
0.56443202 0.23928797 0.41431734 66 51 24 0.000000 1.000000 1.000000 0.741823 -0.470867 -0.477476
0.56672734 0.23728104 0.41360772 57 43 23 0.000000 1.000000 1.000000 0.269497 0.568937 -0.776970
0.57605302 0.23806205 0.41863197 54 46 25 0.000000 1.000000 1.000000 0.708592 -0.627517 -0.322677
0.60145110 0.25031108 0.43059412 49 43 24 0.000000 1.000000 1.000000 0.819824 -0.508695 0.262904
0.57630628 0.24002460 0.41875982 35 24 13 0.000000 1.000000 1.000000 0.474096 0.003984 -0.880464
0.56704956 0.23849930 0.41461432 62 46 25 0.000000 1.000000 1.000000 0.222768 0.612222 -0.758656
0.57676214 0.24124472 0.41900024 44 30 17 0.000000 1.000000 1.000000 0.392622 0.249307 -0.885265
0.56472731 0.23363763 0.41198668 64 49 26 0.000000 1.000000 1.000000 0.375603 0.329611 -0.866187
0.57400525 0.23810822 0.41724834 58 45 24 0.000000 1.000000 1.000000 0.487147 -0.020242 -0.873086
0.60158730 0.25497118 0.43260294 75 62 34 0.000000 1.000000 1.000000 0.771220 -0.058664 -0.633860
0.57351857 0.23614758 0.41755345 55 45 23 0.000000 1.000000 1.000000 0.569949 -0.804546 0.166924
0.60006016 0.25255066 0.43067259 65 51 35 0.000000 1.000000 1.000000 0.675563 0.561572 -0.477756
0.59943700 0.25305942 0.42977554 72 55 33 0.000000 1.000000 1.000000 0.864388 0.065632 -0.498524
0.56199658 0.23099574 0.40968788 63 46 22 0.000000 1.000000 1.000000 0.549978 -0.006790 -0.835152
0.56401962 0.23586869 0.41131589 55 40 22 0.000000 1.000000 1.000000 0.470839 0.598183 -0.648450
0.56987709 0.23474288 0.41699356 57 47 24 0.000000 2.000000 1.000000 0.078230 -0.544767 0.834930
0.59943700 0.25305942 0.42977554 72 55 34 0.000000 1.000000 1.000000 0.864388 0.065632 -0.498524
0.57102340 0.24085860 0.41926113 62 48 27 0.000000 1.000000 1.000000 0.508951 -0.004029 -0.860786
0.57116842 0.23693994 0.41572410 48 35 18 0.000000 2.000000 1.000000 0.481969 0.059383 -0.874174
0.56672734 0.23728104 0.41360772 57 43 23 0.000000 1.000000 1.000000 0.269497 0.568937 -0.776970
0.56298900 0.23784174 0.41382518 66 51 25 0.000000 1.000000 1.000000 0.741823 -0.470867 -0.477476
0.57400525 0.23810822 0.41724834 59 45 25 0.000000 1.000000 1.000000 0.487147 -0.020242 -0.873086
0.56326276 0.23637559 0.41118503 65 49 27 0.000000 1.000000 1.000000 0.642644 0.609085 -0.464784
0.56766707 0.23406723 0.41329023 64 47 23 0.000000 1.000000 1.000000 0.543342 0.066330 -0.836887
0.56482631 0.23902704 0.41564879 65 52 25 0.000000 1.000000 1.000000 0.664250 -0.247713 -0.705273
0.56784534 0.23554732 0.41198272 44 32 15 0.000000 1.000000 1.000000 0.046834 0.645742 0.762118
0.56443202 0.23928797 0.41431734 66 51 24 0.000000 1.000000 1.000000 0.741823 -0.470867 -0.477476
0.60037631 0.25254220 0.43112251 65 52 36 0.000000 1.000000 1.000000 0.637710 0.617624 -0.460289
0.56988353 0.23770593 0.41502801 41 29 15 0.000000 1.000000 1.000000 0.471762 0.121884 -0.873261
0.57351857 0.23614758 0.41755345 55 45 23 0.000000 1.000000 1.000000 0.569949 -0.804546 0.166924
0.56200117 0.23124164 0.40968925 63 46 22 0.000000 1.000000 1.000000 0.530304 0.034435 -0.847108
0.57630628 0.24002460 0.41875982 35 24 13 0.000000 1.000000 1.000000 0.474096 0.003984 -0.880464
0.57193911 0.23717076 0.41585913 47 34 19 0.000000 2.000000 1.000000 0.302603 0.475072 -0.826280
0.57082075 0.24160103 0.41914859 62 51 26 0.000000 1.000000 1.000000 0.508951 -0.004029 -0.860786
0.56337953 0.23637463 0.41096854 66 49 28 0.000000 1.000000 1.000000 0.656634 0.603167 -0.452793
0.56445253 0.23585926 0.41154930 51 36 19 0.000000 1.000000 1.000000 0.470839 0.598183 -0.648450
0.57630628 0.24002460 0.41875982 35 25 13 0.000000 1.000000 1.000000 0.474096 0.003984 -0.880464
0.56766707 0.23406723 0.41329023 63 47 23 0.000000 1.000000 1.000000 0.543342 0.066330 -0.836887
0.57108533 0.23964307 0.41650563 61 44 28 0.000000 1.000000 1.000000 0.224192 0.570530 -0.790084
0.56647408 0.23531848 0.41347983 37 25 11 0.000000 1.000000 1.000000 0.533884 0.464030 -0.706855
0.57117760 0.23743175 0.41572687 44 29 14 0.000000 1.000000 1.000000 0.360132 0.282427 -0.889123
0.60212350 0.25152647 0.43095124 40 34 19 0.000000 1.000000 1.000000 0.939764 0.075128 0.333465
0.60019207 0.25426826 0.43101555 75 60 34 0.000000 1.000000 1.000000 0.829545 -0.066647 -0.554448
0.56298900 0.23784174 0.41382518 66 51 24 0.000000 1.000000 1.000000 0.741823 -0.470867 -0.477476
0.56683630 0.23776910 0.41394371 60 44 24 0.000000 1.000000 1.000000 0.246428 0.591742 -0.767538
0.57092899 0.23571511 0.41560039 60 45 23 0.000000 2.000000 1.000000 0.602543 -0.132411 -0.787026
0.56337953 0.23637463 0.41096854 65 49 27 0.000000 1.000000 1.000000 0.656634 0.603167 -0.452793
0.57082075 0.24160103 0.41914859 62 52 26 0.000000 1.000000 1.000000 0.508951 -0.004029 -0.860786
0.56988353 0.23770593 0.41502801 41 29 15 0.000000 1.000000 1.000000 0.471762 0.121884 -0.873261
0.56482631 0.23902704 0.41564879 65 51 24 0.000000 1.000000 1.000000 0.671313 -0.269482 -0.690448
0.56200117 0.23124164 0.40968925 63 46 22 0.000000 1.000000 1.000000 0.480268 0.137841 -0.866223
0.56766707 0.23406723 0.41329023 64 47 23 0.000000 1.000000 1.000000 0.543342 0.066330 -0.836887
0.59964424 0.25256291 0.42988947 68 52 34 0.000000 1.000000 1.000000 0.804138 0.304909 -0.510288
0.56766707 0.23406723 0.41329023 64 47 23 0.000000 1.000000 1.000000 0.543342 0.066330 -0.836887
0.56198275 0.23025802 0.40968367 65 49 25 0.000000 1.000000 1.000000 0.657030 -0.552846 -0.512517
0.60158730 0.25497118 0.43260294 75 62 34 0.000000 1.000000 1.000000 0.771220 -0.058664 -0.633860
0.57102340 0.24085860 0.41926113 62 48 27 0.000000 1.000000 1.000000 0.508951 -0.004029 -0.860786
0.57117301 0.23718584 0.41572550 47 32 16 0.000000 2.000000 1.000000 0.445142 0.148381 -0.883081
0.56378764 0.23685142 0.41230416 65 47 25 0.000000 1.000000 1.000000 0.380477 0.647304 -0.660481
0.60169977 0.25202772 0.43072060 47 40 24 0.000000 1.000000 1.000000 0.725173 0.681045 0.101495
0.56766707 0.23406723 0.41329023 64 47 23 0.000000 1.000000 1.000000 0.543342 0.066330 -0.836887
0.56348383 0.23661679 0.41130313 65 49 27 0.000000 1.000000 1.000000 0.574844 0.625417 -0.527643
0.56298900 0.23784174 0.41382518 66 51 25 0.000000 1.000000 1.000000 0.741823 -0.470867 -0.477476
0.57215095 0.23692013 0.41597444 49 37 21 0.000000 1.000000 1.000000 0.278944 0.537401 -0.795858
0.56493914 0.23338701 0.41210198 64 49 26 0.000000 1.000000 1.000000 0.447021 0.200491 -0.871766
0.60037631 0.25254220 0.43112251 65 52 35 0.000000 1.000000 1.000000 0.637710 0.617624 -0.460289
0.60017830 0.25353056 0.43101138 71 55 33 0.000000 1.000000 1.000000 0.850543 0.042873 -0.524156
0.57081228 0.23571606 0.41581690 62 46 23 0.000000 1.000000 1.000000 0.587273 -0.078973 -0.805527
0.56988353 0.23770593 0.41502801 40 28 15 0.000000 1.000000 1.000000 0.471762 0.121884 -0.873261
