-0.32030940 1.53703916 0.41053537 144 123 31 0.000000 1.000000 1.000000 0.806190 -0.524415 0.273948
-0.32437378 1.53517544 0.40555814 142 121 30 0.000000 1.000000 1.000000 0.581056 0.122095 -0.804653
-0.31984255 1.53703535 0.40966937 143 122 30 0.000000 1.000000 1.000000 0.066867 0.986576 0.148984
-0.31599921 1.53998458 0.39747778 125 110 25 0.000000 1.000000 1.000000 0.338586 0.584830 -0.737112
-0.31821883 1.54018700 0.41248682 141 118 31 0.000000 1.000000 1.000000 0.675370 -0.142896 -0.723503
-0.32206392 1.54028022 0.40873688 138 115 29 0.000000 1.000000 1.000000 0.399138 -0.770580 0.496886
-0.32267794 1.53684795 0.40870041 142 122 28 0.000000 1.000000 1.000000 0.902312 -0.323415 -0.285018
-0.31478009 1.53922796 0.39674127 118 107 23 0.000000 1.000000 1.000000 0.223552 0.974304 -0.027496
-0.32453260 1.53835642 0.40909097 137 113 26 0.000000 1.000000 1.000000 0.799563 -0.247818 -0.547070
-0.32437378 1.53517544 0.40555814 142 121 30 0.000000 1.000000 1.000000 0.581056 0.122095 -0.804653
-0.31779972 1.53943992 0.41271606 143 122 36 0.000000 1.000000 1.000000 0.792607 -0.295843 -0.533151
-0.31861031 1.54240966 0.41226596 142 116 27 0.000000 1.000000 1.000000 0.624027 -0.653981 -0.427667
-0.32218063 1.54028118 0.40895337 138 115 28 0.000000 1.000000 1.000000 0.457925 -0.801771 0.384015
-0.31885436 1.54093885 0.41214088 140 115 27 0.000000 1.000000 1.000000 0.515651 0.012181 -0.856712
-0.32206392 1.54028022 0.40873688 138 116 30 0.000000 1.000000 1.000000 0.355709 -0.745528 0.563613
-0.32244912 1.53660011 0.40826604 141 120 27 0.000000 2.000000 1.000000 0.987833 -0.081047 -0.132729
-0.31784028 1.54069936 0.40765899 139 117 24 0.000000 1.000000 1.000000 -0.355101 0.460199 0.813708
-0.31442532 1.53947103 0.39609316 119 107 23 0.000000 1.000000 1.000000 0.290600 0.909766 0.296441
-0.31779972 1.53943992 0.41271606 143 122 36 0.000000 1.000000 1.000000 0.792607 -0.295843 -0.533151
-0.31861031 1.54240966 0.41226596 142 117 27 0.000000 1.000000 1.000000 0.624027 -0.653981 -0.427667
-0.32206392 1.54028022 0.40873688 138 116 29 0.000000 1.000000 1.000000 0.355709 -0.745528 0.563613
-0.31359628 1.54191780 0.39569107 120 110 25 0.000000 1.000000 1.000000 0.265007 -0.217833 0.939319
-0.32498673 1.53542054 0.40774140 139 117 27 0.000000 1.000000 1.000000 0.899005 0.318428 -0.300656
-0.31724092 1.53992128 0.41273579 142 122 32 0.000000 1.000000 1.000000 0.052680 -0.625042 0.778811
-0.31987149 1.53901196 0.40824792 141 120 27 0.000000 1.000000 1.000000 0.248638 -0.327156 0.911673
-0.31216925 1.54260576 0.39981046 129 114 29 0.000000 1.000000 1.000000 0.473389 0.137529 -0.870051
-0.31723630 1.54016721 0.41273716 142 120 33 0.000000 2.000000 1.000000 0.791586 -0.585743 -0.174058
-0.32206392 1.54028022 0.40873688 138 116 30 0.000000 1.000000 1.000000 0.355709 -0.745528 0.563613
-0.31972581 1.53703439 0.40945289 143 122 30 0.000000 1.000000 1.000000 -0.101585 0.991883 0.076474
-0.31746656 1.53943419 0.41261628 142 121 35 0.000000 2.000000 1.000000 0.814600 -0.390562 -0.428821
-0.31662378 1.53951252 0.39602545 122 109 25 0.000000 1.000000 1.000000 0.240332 0.730422 0.639315
-0.32518479 1.53640890 0.40763026 140 118 28 0.000000 1.000000 1.000000 0.968558 0.243065 0.053055
-0.32176119 1.53683746 0.40751815 139 118 27 0.000000 2.000000 1.000000 0.760612 0.519561 0.389264
-0.31784028 1.54069936 0.40765899 139 117 24 0.000000 1.000000 1.000000 -0.355101 0.460199 0.813708
-0.31662378 1.53951252 0.39602545 122 109 24 0.000000 1.000000 1.000000 0.240332 0.730422 0.639315
-0.31375900 1.53945971 0.39589360 119 108 24 0.000000 1.000000 1.000000 0.318509 0.809742 0.492818
-0.32253078 1.54028404 0.40960285 139 114 24 0.000000 1.000000 1.000000 0.601712 -0.784777 -0.148552
-0.31599921 1.53998458 0.39747778 125 110 25 0.000000 1.000000 1.000000 0.338586 0.584830 -0.737112
-0.31216571 1.53917420 0.39759213 121 108 25 0.000000 1.000000 1.000000 0.101259 0.903008 -0.417520
-0.31662378 1.53951252 0.39602545 122 108 25 0.000000 1.000000 1.000000 0.240332 0.730422 0.639315
-0.31375900 1.53945971 0.39589360 119 108 25 0.000000 1.000000 1.000000 0.318967 0.824914 0.466666
-0.31359628 1.54191780 0.39569107 120 110 25 0.000000 1.000000 1.000000 0.265007 -0.217833 0.939319
-0.31723630 1.54016721 0.41273716 142 121 32 0.000000 2.000000 1.000000 0.113877 -0.655163 0.746856
-0.31744355 1.54066372 0.41262326 142 119 33 0.000000 1.000000 1.000000 0.602146 0.032133 -0.797739
-0.31848127 1.53773260 0.41235614 143 121 36 0.000000 1.000000 1.000000 0.739147 -0.240105 -0.629295
-0.31861031 1.54240966 0.41226596 142 116 26 0.000000 1.000000 1.000000 0.624027 -0.653981 -0.427667
-0.31379211 1.54159999 0.40899923 141 120 27 0.000000 1.000000 1.000000 -0.378082 0.507895 0.774013
-0.32453260 1.53835642 0.40909097 136 113 26 0.000000 1.000000 1.000000 0.799563 -0.247818 -0.547070
-0.32437378 1.53517544 0.40555814 142 121 30 0.000000 1.000000 1.000000 0.581056 0.122095 -0.804653
-0.31848127 1.53773260 0.41235614 143 121 36 0.000000 1.000000 1.000000 0.739147 -0.240105 -0.629295
-0.31884977 1.54118478 0.41214225 140 114 27 0.000000 1.000000 1.000000 0.483113 0.042426 -0.874530
-0.32267794 1.53684795 0.40870041 142 122 28 0.000000 1.000000 1.000000 0.902312 -0.323415 -0.285018
-0.31379211 1.54159999 0.40899923 141 120 27 0.000000 1.000000 1.000000 -0.378082 0.507895 0.774013
-0.32453260 1.53835642 0.40909097 137 113 27 0.000000 1.000000 1.000000 0.799563 -0.247818 -0.547070
-0.31848127 1.53773260 0.41235614 143 121 36 0.000000 1.000000 1.000000 0.739147 -0.240105 -0.629295
-0.31861031 1.54240966 0.41226596 142 117 27 0.000000 1.000000 1.000000 0.624027 -0.653981 -0.427667
-0.31987149 1.53901196 0.40824792 141 119 27 0.000000 1.000000 1.000000 0.248638 -0.327156 0.911673
-0.31217384 1.54235983 0.39980906 129 114 28 0.000000 1.000000 1.000000 0.456325 0.187551 -0.869823
-0.31848127 1.53773260 0.41235614 143 121 36 0.000000 1.000000 1.000000 0.739147 -0.240105 -0.629295
-0.31861031 1.54240966 0.41226596 142 117 27 0.000000 1.000000 1.000000 0.624027 -0.653981 -0.427667
-0.32229701 1.53758550 0.40750542 138 117 28 0.000000 1.000000 1.000000 0.321595 0.186778 0.928273
-0.30999061 1.54059982 0.39931732 125 110 27 0.000000 1.000000 1.000000 0.206097 0.548065 -0.810647
-0.31359628 1.54191780 0.39569107 120 110 25 0.000000 1.000000 1.000000 0.265007 -0.217833 0.939319
-0.31848127 1.53773260 0.41235614 143 120 35 0.000000 1.000000 1.000000 0.739147 -0.240105 -0.629295
-0.31884977 1.54118478 0.41214225 140 115 27 0.000000 1.000000 1.000000 0.483113 0.042426 -0.874530
-0.32241830 1.53734064 0.40772051 139 118 27 0.000000 2.000000 1.000000 0.702740 0.110959 0.702740
-0.31784028 1.54069936 0.40765899 139 116 24 0.000000 1.000000 1.000000 -0.355101 0.460199 0.813708
-0.30999061 1.54059982 0.39931732 125 111 28 0.000000 1.000000 1.000000 0.206097 0.548065 -0.810647
-0.31417349 1.54045272 0.39566576 119 109 24 0.000000 1.000000 1.000000 0.285024 0.353669 0.890887
-0.31555393 1.53973210 0.39716011 122 108 24 0.000000 1.000000 1.000000 0.318187 0.812088 -0.489152
-0.31216571 1.53917420 0.39759213 121 107 26 0.000000 1.000000 1.000000 0.101259 0.903008 -0.417520
-0.31379211 1.54159999 0.40899923 141 120 27 0.000000 1.000000 1.000000 -0.378082 0.507895 0.774013
-0.31744355 1.54066372 0.41262326 142 119 33 0.000000 1.000000 1.000000 0.602146 0.032133 -0.797739
-0.31379211 1.54159999 0.40899923 141 120 27 0.000000 1.000000 1.000000 -0.378082 0.507895 0.774013
-0.32437378 1.53517544 0.40555814 142 121 29 0.000000 1.000000 1.000000 0.581056 0.122095 -0.804653
-0.31848127 1.53773260 0.41235614 142 120 36 0.000000 1.000000 1.000000 0.739147 -0.240105 -0.629295
-0.31884977 1.54118478 0.41214225 140 115 27 0.000000 1.000000 1.000000 0.483113 0.042426 -0.874530
-0.32229701 1.53758550 0.40750542 138 117 27 0.000000 1.000000 1.000000 0.321595 0.186778 0.928273
-0.32073769 1.53729451 0.41030332 141 121 31 0.000000 2.000000 1.000000 0.800349 0.035042 -0.598510
-0.30999061 1.54059982 0.39931732 126 111 28 0.000000 1.000000 1.000000 0.206097 0.548065 -0.810647
-0.31359628 1.54191780 0.39569107 119 110 25 0.000000 1.000000 1.000000 0.265007 -0.217833 0.939319
-0.32453260 1.53835642 0.40909097 137 113 26 0.000000 1.000000 1.000000 0.799563 -0.247818 -0.547070
-0.32494074 1.53787959 0.40775535 139 114 27 0.000000 1.000000 1.000000 0.582306 -0.394253 0.710974
-0.32132369 1.53707397 0.40775299 140 119 28 0.000000 2.000000 1.000000 0.176939 0.437230 0.881772
-0.31784028 1.54069936 0.40765899 139 117 23 0.000000 1.000000 1.000000 -0.355101 0.460199 0.813708
-0.30869088 1.54424894 0.40223733 133 117 29 0.000000 1.000000 1.000000 0.530304 0.034435 -0.847108
-0.30999061 1.54059982 0.39931732 126 111 28 0.000000 1.000000 1.000000 0.206097 0.548065 -0.810647
-0.31417349 1.54045272 0.39566576 119 109 24 0.000000 1.000000 1.000000 0.285024 0.353669 0.890887
-0.31338024 1.54017675 0.39833003 122 107 23 0.000000 1.000000 1.000000 0.215996 0.635557 -0.741224
-0.31599921 1.53998458 0.39747778 125 110 25 0.000000 1.000000 1.000000 0.338586 0.584830 -0.737112
-0.32498673 1.53542054 0.40774140 138 117 26 0.000000 1.000000 1.000000 0.895668 0.317433 -0.311472
-0.32494074 1.53787959 0.40775535 138 114 27 0.000000 1.000000 1.000000 0.582306 -0.394253 0.710974
-0.31987149 1.53901196 0.40824792 141 120 27 0.000000 1.000000 1.000000 0.248638 -0.327156 0.911673
-0.31217384 1.54235983 0.39980906 129 113 29 0.000000 1.000000 1.000000 0.456325 0.187551 -0.869823
-0.31662095 1.54014742 0.41418672 144 123 37 0.000000 1.000000 1.000000 0.870869 -0.315709 -0.376716
-0.32086822 1.53655779 0.41051564 142 122 33 0.000000 2.000000 1.000000 0.801752 -0.210019 -0.559540
-0.32253078 1.54028404 0.40960285 139 114 24 0.000000 1.000000 1.000000 0.601712 -0.784777 -0.148552
-0.30869088 1.54424894 0.40223733 133 117 30 0.000000 1.000000 1.000000 0.530304 0.034435 -0.847108
-0.31237191 1.54334819 0.39969793 130 117 31 0.000000 1.000000 1.000000 0.521865 0.034424 -0.852333
-0.32106626 1.53754604 0.41040450 140 120 31 0.000000 1.000000 1.000000 0.562521 -0.006810 -0.826755
-0.32498673 1.53542054 0.40774140 139 118 27 0.000000 1.000000 1.000000 0.895668 0.317433 -0.311472
-0.31217384 1.54235983 0.39980906 129 113 28 0.000000 1.000000 1.000000 0.456325 0.187551 -0.869823
-0.32253078 1.54028404 0.40960285 139 114 24 0.000000 1.000000 1.000000 0.601712 -0.784777 -0.148552
-0.32518479 1.53640890 0.40763026 140 118 29 0.000000 1.000000 1.000000 0.968558 0.243065 0.053055
-0.32188252 1.53659248 0.40773326 139 118 27 0.000000 2.000000 1.000000 0.824921 0.495574 0.271867
-0.31237191 1.54334819 0.39969793 130 117 30 0.000000 1.000000 1.000000 0.521865 0.034424 -0.852333
-0.31397545 1.53946435 0.39577690 119 108 24 0.000000 1.000000 1.000000 0.320082 0.791446 0.520730
-0.31861031 1.54240966 0.41226596 142 117 27 0.000000 1.000000 1.000000 0.624027 -0.653981 -0.427667
-0.31237191 1.54334819 0.39969793 130 117 31 0.000000 1.000000 1.000000 0.521865 0.034424 -0.852333
-0.31987149 1.53901196 0.40824792 141 119 26 0.000000 1.000000 1.000000 0.248638 -0.327156 0.911673
-0.32108927 1.53631651 0.41039753 142 121 34 0.000000 1.000000 1.000000 0.594918 -0.006870 -0.803757
-0.30869088 1.54424894 0.40223733 133 117 29 0.000000 1.000000 1.000000 0.530304 0.034435 -0.847108
-0.31338024 1.54017675 0.39833003 122 107 23 0.000000 1.000000 1.000000 0.215996 0.635557 -0.741224
-0.32108927 1.53631651 0.41039753 142 122 34 0.000000 1.000000 1.000000 0.594918 -0.006870 -0.803757
-0.32437378 1.53517544 0.40555814 142 121 30 0.000000 1.000000 1.000000 0.581056 0.122095 -0.804653
-0.31763107 1.53869188 0.41392800 143 121 36 0.000000 1.000000 1.000000 0.849545 -0.434831 -0.298656
-0.32108927 1.53631651 0.41039753 141 122 34 0.000000 1.000000 1.000000 0.594918 -0.006870 -0.803757
-0.31662095 1.54014742 0.41418672 144 123 36 0.000000 1.000000 1.000000 0.870869 -0.315709 -0.376716
-0.32108927 1.53631651 0.41039753 142 122 34 0.000000 1.000000 1.000000 0.594918 -0.006870 -0.803757
-0.32498673 1.53542054 0.40774140 139 117 27 0.000000 1.000000 1.000000 0.908249 0.311525 -0.279349
-0.31238109 1.54285634 0.39969513 129 115 30 0.000000 1.000000 1.000000 0.495177 0.083235 -0.864796
-0.32494074 1.53787959 0.40775535 139 115 26 0.000000 1.000000 1.000000 0.582306 -0.394253 0.710974
-0.32110265 1.53731513 0.40787110 140 121 28 0.000000 1.000000 1.000000 -0.090985 0.376163 0.922075
-0.31237191 1.54334819 0.39969793 130 116 31 0.000000 1.000000 1.000000 0.521865 0.034424 -0.852333
-0.30243647 1.54461908 0.40309277 129 114 29 0.000000 1.000000 1.000000 0.262011 0.332271 -0.906061
-0.31662378 1.53951252 0.39602545 122 109 25 0.000000 1.000000 1.000000 0.240332 0.730422 0.639315
-0.31784028 1.54069936 0.40765899 139 117 24 0.000000 1.000000 1.000000 -0.355101 0.460199 0.813708
-0.30243647 1.54461908 0.40309277 129 114 29 0.000000 1.000000 1.000000 0.262011 0.332271 -0.906061
-0.30999061 1.54059982 0.39931732 125 111 27 0.000000 1.000000 1.000000 0.206097 0.548065 -0.810647
-0.31599921 1.53998458 0.39747778 124 109 25 0.000000 1.000000 1.000000 0.346605 0.584183 -0.733890
-0.32213470 1.53830731 0.40982512 138 116 29 0.000000 1.000000 1.000000 0.420145 0.251485 -0.871914
-0.32052124 1.53728974 0.41042003 142 121 31 0.000000 2.000000 1.000000 0.887573 -0.388034 -0.248282
-0.32494074 1.53787959 0.40775535 139 115 27 0.000000 1.000000 1.000000 0.582306 -0.394253 0.710974
-0.30869088 1.54424894 0.40223733 133 117 30 0.000000 1.000000 1.000000 0.530304 0.034435 -0.847108
-0.31217384 1.54235983 0.39980906 129 114 29 0.000000 1.000000 1.000000 0.456325 0.187551 -0.869823
-0.31338024 1.54017675 0.39833003 122 107 23 0.000000 1.000000 1.000000 0.215996 0.635557 -0.741224
-0.31379211 1.54159999 0.40899923 141 120 27 0.000000 1.000000 1.000000 -0.378082 0.507895 0.774013
-0.31662095 1.54014742 0.41418672 144 123 37 0.000000 1.000000 1.000000 0.870869 -0.315709 -0.376716
-0.32075149 1.53655684 0.41029915 142 122 33 0.000000 2.000000 1.000000 0.706590 0.038232 -0.706590
-0.31884977 1.54118478 0.41214225 140 114 27 0.000000 1.000000 1.000000 0.483113 0.042426 -0.874530
-0.31763566 1.53844595 0.41392660 143 121 36 0.000000 1.000000 1.000000 0.843541 -0.450404 -0.292531
-0.32170641 1.53805208 0.41005716 138 117 30 0.000000 1.000000 1.000000 0.470918 0.162841 -0.867017
-0.32110265 1.53731513 0.40787110 141 120 28 0.000000 1.000000 1.000000 -0.090985 0.376163 0.922075
-0.30243647 1.54461908 0.40309277 129 114 29 0.000000 1.000000 1.000000 0.262011 0.332271 -0.906061
-0.31478009 1.53922796 0.39674127 119 107 23 0.000000 1.000000 1.000000 0.223552 0.974304 -0.027496
-0.30869088 1.54424894 0.40223733 133 117 30 0.000000 1.000000 1.000000 0.530304 0.034435 -0.847108
-0.31237757 1.53942490 0.39747679 121 107 25 0.000000 1.000000 1.000000 0.115376 0.878854 -0.462930
-0.31599921 1.53998458 0.39747778 125 110 24 0.000000 1.000000 1.000000 0.338586 0.584830 -0.737112
-0.32437378 1.53517544 0.40555814 142 121 30 0.000000 1.000000 1.000000 0.581056 0.122095 -0.804653
-0.31724092 1.53992128 0.41273579 142 122 32 0.000000 1.000000 1.000000 0.052680 -0.625042 0.778811
-0.32208976 1.53708899 0.40761933 138 117 27 0.000000 2.000000 1.000000 0.560241 0.389376 0.731106
-0.31784028 1.54069936 0.40765899 139 117 24 0.000000 1.000000 1.000000 -0.355101 0.460199 0.813708
-0.30243647 1.54461908 0.40309277 129 114 29 0.000000 1.000000 1.000000 0.262011 0.332271 -0.906061
-0.30999061 1.54059982 0.39931732 126 111 28 0.000000 1.000000 1.000000 0.206097 0.548065 -0.810647
-0.31338024 1.54017675 0.39833003 121 106 22 0.000000 1.000000 1.000000 0.215996 0.635557 -0.741224
-0.31216571 1.53917420 0.39759213 120 107 26 0.000000 1.000000 1.000000 0.101259 0.903008 -0.417520
-0.31763566 1.53844595 0.41392660 142 120 35 0.000000 1.000000 1.000000 0.843541 -0.450404 -0.292531
-0.32192284 1.53805673 0.40994045 138 116 30 0.000000 1.000000 1.000000 0.438629 0.226051 -0.869773
-0.31379211 1.54159999 0.40899923 141 120 27 0.000000 1.000000 1.000000 -0.378082 0.507895 0.774013
-0.32149455 1.53780138 0.41017246 139 118 31 0.000000 1.000000 1.000000 0.530007 0.057336 -0.846053
-0.31379211 1.54159999 0.40899923 141 119 27 0.000000 1.000000 1.000000 -0.378082 0.507895 0.774013
-0.30869088 1.54424894 0.40223733 133 117 30 0.000000 1.000000 1.000000 0.530304 0.034435 -0.847108
-0.31338024 1.54017675 0.39833003 121 106 22 0.000000 1.000000 1.000000 0.215996 0.635557 -0.741224
-0.30546468 1.54760695 0.40675607 136 118 28 0.000000 1.000000 1.000000 0.091637 0.994763 -0.045267
-0.30527896 1.55129457 0.40656048 135 117 27 0.000000 1.000000 1.000000 0.588469 -0.691244 -0.419388
-0.30163297 1.54851234 0.40797958 137 118 28 0.000000 1.000000 1.000000 -0.116471 0.943821 -0.309252
-0.30913511 1.54817891 0.40477473 133 116 27 0.000000 1.000000 1.000000 0.350841 0.930608 0.104304
-0.31051597 1.54572189 0.40879133 141 119 27 0.000000 1.000000 1.000000 -0.077702 0.161381 0.983828
-0.31143391 1.54628301 0.39963183 130 115 32 0.000000 1.000000 1.000000 0.450062 -0.177386 -0.875202
-0.30367514 1.54804885 0.40967488 139 117 27 0.000000 1.000000 1.000000 -0.349976 0.803827 0.481018
-0.30743748 1.54813552 0.40680784 137 118 27 0.000000 1.000000 1.000000 0.708062 0.699229 0.098628
-0.30668581 1.54987454 0.40133753 127 110 28 0.000000 1.000000 1.000000 0.452521 -0.265376 -0.851352
-0.30691910 1.54564834 0.40989253 138 117 26 0.000000 1.000000 1.000000 -0.388272 0.498743 0.774920
-0.30081078 1.54625976 0.41206530 142 121 30 0.000000 1.000000 1.000000 -0.296923 0.954837 -0.011088
-0.30588555 1.55006981 0.40763599 140 118 32 0.000000 1.000000 1.000000 0.692227 -0.599710 -0.401459
-0.29656833 1.54939878 0.40847075 139 122 30 0.000000 1.000000 1.000000 -0.168959 0.980934 -0.096027
-0.30744988 1.54837871 0.40735894 140 119 29 0.000000 1.000000 1.000000 0.925815 0.330146 0.184039
-0.31052890 1.54845679 0.40374264 132 113 27 0.000000 1.000000 1.000000 0.762600 -0.382113 0.521950
-0.29618412 1.55383444 0.40586406 128 113 30 0.000000 1.000000 1.000000 0.512794 -0.440245 -0.737039
-0.30509755 1.54760683 0.40555689 135 119 29 0.000000 1.000000 1.000000 0.220043 0.916128 -0.335099
-0.30813101 1.54840779 0.40447679 131 115 26 0.000000 1.000000 1.000000 -0.206286 0.705716 0.677798
-0.31074622 1.54498887 0.40867043 140 119 27 0.000000 1.000000 1.000000 -0.251685 0.357658 0.899297
-0.29632384 1.55260587 0.40607357 130 115 32 0.000000 1.000000 1.000000 0.121857 0.477392 -0.870200
-0.30163297 1.54851234 0.40797958 137 119 27 0.000000 1.000000 1.000000 -0.116471 0.943821 -0.309252
-0.30992275 1.54794526 0.40518939 135 117 28 0.000000 1.000000 1.000000 0.731108 0.482432 -0.482432
-0.30628729 1.54812324 0.40519258 135 118 29 0.000000 1.000000 1.000000 0.149233 0.957466 0.246960
-0.30367514 1.54804885 0.40967488 139 117 27 0.000000 1.000000 1.000000 -0.349976 0.803827 0.481018
-0.30023357 1.54772484 0.41209060 140 119 28 0.000000 1.000000 1.000000 -0.166265 0.117001 0.979115
-0.30023357 1.54772484 0.41209060 140 119 28 0.000000 1.000000 1.000000 -0.166265 0.117001 0.979115
-0.30367514 1.54804885 0.40967488 139 117 27 0.000000 1.000000 1.000000 -0.349976 0.803827 0.481018
-0.29618412 1.55383444 0.40586406 128 113 30 0.000000 1.000000 1.000000 0.512794 -0.440245 -0.737039
-0.31074622 1.54498887 0.40867043 140 119 27 0.000000 1.000000 1.000000 -0.251685 0.357658 0.899297
-0.30726281 1.54861426 0.40857646 140 119 28 0.000000 1.000000 1.000000 0.847815 -0.476420 0.232883
-0.30628729 1.54812324 0.40519258 135 118 29 0.000000 1.000000 1.000000 0.149233 0.957466 0.246960
-0.30023357 1.54772484 0.41209060 140 119 28 0.000000 1.000000 1.000000 -0.185208 0.172256 0.967484
-0.30367514 1.54804885 0.40967488 139 117 27 0.000000 1.000000 1.000000 -0.349976 0.803827 0.481018
-0.31016898 1.54645395 0.40869573 143 120 28 0.000000 1.000000 1.000000 0.092854 -0.031680 0.995176
-0.30588555 1.55006981 0.40763599 140 118 32 0.000000 1.000000 1.000000 0.692227 -0.599710 -0.401459
-0.29618412 1.55383444 0.40586406 128 113 30 0.000000 1.000000 1.000000 0.512794 -0.440245 -0.737039
-0.31143391 1.54628301 0.39963183 130 115 32 0.000000 1.000000 1.000000 0.450062 -0.177386 -0.875202
-0.30728582 1.54738474 0.40856948 143 119 29 0.000000 1.000000 1.000000 0.196325 0.546361 0.814215
-0.29632384 1.55260587 0.40607357 130 115 32 0.000000 1.000000 1.000000 0.121857 0.477392 -0.870200
-0.30668581 1.54987454 0.40133753 127 110 28 0.000000 1.000000 1.000000 0.452521 -0.265376 -0.851352
-0.30730838 1.54789150 0.40604025 134 117 25 0.000000 1.000000 1.000000 0.315450 0.948843 -0.013715
-0.30023316 1.54946113 0.40956834 137 116 25 0.000000 1.000000 1.000000 -0.200164 0.964188 -0.173999
-0.30730838 1.54789150 0.40604025 134 117 25 0.000000 1.000000 1.000000 0.297429 0.954510 0.021156
-0.30163297 1.54851234 0.40797958 136 119 27 0.000000 1.000000 1.000000 -0.113926 0.942238 -0.314973
-0.30527896 1.55129457 0.40656048 135 117 28 0.000000 1.000000 1.000000 0.588469 -0.691244 -0.419388
-0.30813101 1.54840779 0.40447679 131 115 26 0.000000 1.000000 1.000000 -0.206286 0.705716 0.677798
-0.31143391 1.54628301 0.39963183 130 114 32 0.000000 1.000000 1.000000 0.450062 -0.177386 -0.875202
-0.29618412 1.55383444 0.40586406 128 113 29 0.000000 1.000000 1.000000 0.512794 -0.440245 -0.737039
-0.30691910 1.54564834 0.40989253 139 118 27 0.000000 1.000000 1.000000 -0.388272 0.498743 0.774920
-0.31074622 1.54498887 0.40867043 140 119 27 0.000000 1.000000 1.000000 -0.239894 0.341667 0.908688
-0.30726281 1.54861426 0.40857646 140 119 28 0.000000 1.000000 1.000000 0.840349 -0.493876 0.223384
-0.31052890 1.54845679 0.40374264 132 114 26 0.000000 1.000000 1.000000 0.762600 -0.382113 0.521950
-0.30588555 1.55006981 0.40763599 140 118 32 0.000000 1.000000 1.000000 0.692227 -0.599710 -0.401459
-0.30628094 1.54665339 0.40408483 133 117 29 0.000000 1.000000 1.000000 0.296968 0.711118 -0.637277
-0.30527896 1.55129457 0.40656048 135 117 27 0.000000 1.000000 1.000000 0.588469 -0.691244 -0.419388
-0.30204108 1.54803550 0.40664396 135 119 28 0.000000 1.000000 1.000000 -0.044656 0.947992 -0.315147
-0.30546468 1.54760695 0.40675607 137 118 29 0.000000 1.000000 1.000000 0.086519 0.995513 -0.038331
-0.30527896 1.55129457 0.40656048 135 117 28 0.000000 1.000000 1.000000 0.588469 -0.691244 -0.419388
-0.30604368 1.54785764 0.40783992 139 118 27 0.000000 1.000000 1.000000 -0.058660 0.995003 0.080796
-0.30592695 1.54785669 0.40762344 138 118 27 0.000000 1.000000 1.000000 -0.028689 0.997752 0.060566
-0.30527896 1.55129457 0.40656048 135 116 27 0.000000 1.000000 1.000000 0.588469 -0.691244 -0.419388
-0.30992275 1.54794526 0.40518939 136 118 29 0.000000 1.000000 1.000000 0.661527 0.523499 -0.536965
-0.30638844 1.54714608 0.40430412 133 117 29 0.000000 1.000000 1.000000 0.278584 0.829527 -0.484020
-0.30813101 1.54840779 0.40447679 131 114 25 0.000000 1.000000 1.000000 -0.206286 0.705716 0.677798
-0.30668581 1.54987454 0.40133753 127 110 28 0.000000 1.000000 1.000000 0.452521 -0.265376 -0.851352
-0.30691910 1.54564834 0.40989253 139 117 27 0.000000 1.000000 1.000000 -0.388272 0.498743 0.774920
-0.30691910 1.54564834 0.40989253 139 117 27 0.000000 1.000000 1.000000 -0.388272 0.498743 0.774920
-0.31143391 1.54628301 0.39963183 130 115 32 0.000000 1.000000 1.000000 0.450062 -0.177386 -0.875202
-0.30743748 1.54813552 0.40680784 137 118 27 0.000000 1.000000 1.000000 0.708062 0.699229 0.098628
-0.30628094 1.54665339 0.40408483 133 116 29 0.000000 1.000000 1.000000 0.296968 0.711118 -0.637277
-0.30691910 1.54564834 0.40989253 139 117 26 0.000000 1.000000 1.000000 -0.388272 0.498743 0.774920
-0.31052890 1.54845679 0.40374264 132 114 27 0.000000 1.000000 1.000000 0.762600 -0.382113 0.521950
-0.30992275 1.54794526 0.40518939 136 118 29 0.000000 1.000000 1.000000 0.661527 0.523499 -0.536965
-0.30628729 1.54812324 0.40519258 135 117 29 0.000000 1.000000 1.000000 0.149233 0.957466 0.246960
-0.30163756 1.54826641 0.40797818 136 118 28 0.000000 1.000000 1.000000 -0.107812 0.943685 -0.312787
-0.31052890 1.54845679 0.40374264 131 113 27 0.000000 1.000000 1.000000 0.762600 -0.382113 0.521950
-0.29618412 1.55383444 0.40586406 128 113 29 0.000000 1.000000 1.000000 0.512794 -0.440245 -0.737039
-0.30813101 1.54840779 0.40447679 131 115 26 0.000000 1.000000 1.000000 -0.206286 0.705716 0.677798
-0.30367514 1.54804885 0.40967488 139 117 26 0.000000 1.000000 1.000000 -0.349976 0.803827 0.481018
-0.30367514 1.54804885 0.40967488 139 117 27 0.000000 1.000000 1.000000 -0.349976 0.803827 0.481018
-0.29656833 1.54939878 0.40847075 139 122 30 0.000000 1.000000 1.000000 -0.168959 0.980934 -0.096027
-0.30747607 1.54788411 0.40790585 141 119 29 0.000000 1.000000 1.000000 0.590482 0.546492 0.593866
-0.29618412 1.55383444 0.40586406 128 113 30 0.000000 1.000000 1.000000 0.512794 -0.440245 -0.737039
-0.30023316 1.54946113 0.40956834 137 116 25 0.000000 1.000000 1.000000 -0.200164 0.964188 -0.173999
-0.30628094 1.54665339 0.40408483 133 117 29 0.000000 1.000000 1.000000 0.296968 0.711118 -0.637277
-0.30367514 1.54804885 0.40967488 139 117 27 0.000000 1.000000 1.000000 -0.349976 0.803827 0.481018
-0.30509755 1.54760683 0.40555689 135 119 29 0.000000 1.000000 1.000000 0.220043 0.916128 -0.335099
-0.30992275 1.54794526 0.40518939 136 117 29 0.000000 1.000000 1.000000 0.661527 0.523499 -0.536965
-0.30509755 1.54760683 0.40555689 135 119 29 0.000000 1.000000 1.000000 0.220043 0.916128 -0.335099
-0.30668581 1.54987454 0.40133753 127 110 28 0.000000 1.000000 1.000000 0.452521 -0.265376 -0.851352
-0.30691910 1.54564834 0.40989253 139 118 27 0.000000 1.000000 1.000000 -0.388272 0.498743 0.774920
-0.30081078 1.54625976 0.41206530 142 121 30 0.000000 1.000000 1.000000 -0.296923 0.954837 -0.011088
-0.30588555 1.55006981 0.40763599 140 118 32 0.000000 1.000000 1.000000 0.692227 -0.599710 -0.401459
-0.29656833 1.54939878 0.40847075 139 122 30 0.000000 1.000000 1.000000 -0.168959 0.980934 -0.096027
-0.30527896 1.55129457 0.40656048 134 117 28 0.000000 1.000000 1.000000 0.588469 -0.691244 -0.419388
-0.30204108 1.54803550 0.40664396 135 119 28 0.000000 1.000000 1.000000 -0.044656 0.947992 -0.315147
-0.30023357 1.54772484 0.41209060 140 119 28 0.000000 1.000000 1.000000 -0.166265 0.117001 0.979115
-0.31143391 1.54628301 0.39963183 130 114 32 0.000000 1.000000 1.000000 0.450062 -0.177386 -0.875202
-0.30728582 1.54738474 0.40856948 143 120 29 0.000000 1.000000 1.000000 0.196325 0.546361 0.814215
-0.30023316 1.54946113 0.40956834 137 116 25 0.000000 1.000000 1.000000 -0.200164 0.964188 -0.173999
-0.30588555 1.55006981 0.40763599 140 117 31 0.000000 1.000000 1.000000 0.692227 -0.599710 -0.401459
-0.31143391 1.54628301 0.39963183 130 115 32 0.000000 1.000000 1.000000 0.450062 -0.177386 -0.875202
-0.30668581 1.54987454 0.40133753 127 110 27 0.000000 1.000000 1.000000 0.452521 -0.265376 -0.851352
-0.30691910 1.54564834 0.40989253 138 118 27 0.000000 1.000000 1.000000 -0.388272 0.498743 0.774920
-0.30081078 1.54625976 0.41206530 142 121 30 0.000000 1.000000 1.000000 -0.296923 0.954837 -0.011088
-0.29656833 1.54939878 0.40847075 139 122 30 0.000000 1.000000 1.000000 -0.168959 0.980934 -0.096027
-0.30604368 1.54785764 0.40783992 138 118 27 0.000000 1.000000 1.000000 -0.058660 0.995003 0.080796
-0.29632384 1.55260587 0.40607357 130 115 32 0.000000 1.000000 1.000000 0.121857 0.477392 -0.870200
-0.30023316 1.54946113 0.40956834 137 116 25 0.000000 1.000000 1.000000 -0.200164 0.964188 -0.173999
-0.30813101 1.54840779 0.40447679 131 115 26 0.000000 1.000000 1.000000 -0.206286 0.705716 0.677798
-0.30592695 1.54785669 0.40762344 138 118 27 0.000000 1.000000 1.000000 -0.047109 0.995857 0.077784
-0.30527896 1.55129457 0.40656048 135 117 28 0.000000 1.000000 1.000000 0.588469 -0.691244 -0.419388
-0.30628094 1.54665339 0.40408483 132 116 28 0.000000 1.000000 1.000000 0.296968 0.711118 -0.637277
-0.30668581 1.54987454 0.40133753 127 110 28 0.000000 1.000000 1.000000 0.452521 -0.265376 -0.851352
-0.31016898 1.54645395 0.40869573 143 119 28 0.000000 1.000000 1.000000 0.092854 -0.031680 0.995176
-0.29632384 1.55260587 0.40607357 130 115 31 0.000000 1.000000 1.000000 0.121857 0.477392 -0.870200
-0.30992275 1.54794526 0.40518939 136 118 29 0.000000 1.000000 1.000000 0.661527 0.523499 -0.536965
