0.29932109 0.57085896 1.64626467 67 77 24 0.000000 1.000000 0.000000 -0.665248 0.741276 0.089187
0.29874995 0.57418966 1.64729977 64 68 20 0.000000 2.000000 0.000000 -0.778691 0.055519 -0.624946
0.29969239 0.57476306 1.64638114 63 67 21 0.000000 2.000000 0.000000 -0.753279 0.198718 -0.626962
0.29848772 0.57766932 1.64705074 59 64 17 0.000000 2.000000 0.000000 -0.802584 -0.319444 -0.503800
0.29969239 0.57476306 1.64638114 64 67 21 0.000000 2.000000 0.000000 -0.758017 0.205328 -0.619073
0.29683465 0.56799912 1.64641559 77 86 25 0.000000 2.000000 0.000000 -0.763569 0.392367 -0.512845
0.29986128 0.57422245 1.64337838 68 70 21 0.000000 1.000000 0.000000 -0.888263 0.295089 0.352010
0.29967818 0.57113361 1.64313984 72 76 24 0.000000 2.000000 0.000000 -0.951588 0.084615 -0.295500
0.29787928 0.57653207 1.64919615 57 65 21 0.000000 1.000000 0.000000 -0.858275 -0.451164 -0.244570
0.29764107 0.57497644 1.65118563 58 68 18 0.000000 2.000000 0.000000 -0.199635 0.848074 -0.490832
0.29854199 0.56790102 1.64426017 79 85 25 0.000000 2.000000 0.000000 -0.685314 0.315925 -0.656152
0.29929686 0.56786406 1.64345491 79 85 24 0.000000 1.000000 0.000000 -0.620803 0.329042 -0.711573
0.29817051 0.56790966 1.64443386 81 87 27 0.000000 2.000000 0.000000 -0.692007 0.340305 -0.636647
0.29764107 0.57497644 1.65118563 58 67 18 0.000000 2.000000 0.000000 -0.199635 0.848074 -0.490832
0.30084434 0.57529253 1.64445961 65 68 22 0.000000 1.000000 0.000000 -0.871655 -0.039683 0.488510
0.29750258 0.56795442 1.64542472 76 85 27 0.000000 2.000000 0.000000 -0.670449 0.362272 -0.647500
0.29883996 0.57522184 1.64744115 62 65 19 0.000000 2.000000 0.000000 -0.805527 0.072970 -0.588049
0.30084127 0.57426804 1.64450383 64 68 21 0.000000 2.000000 0.000000 -0.896179 0.399431 0.193180
0.29803237 0.57869464 1.64699459 61 64 17 0.000000 1.000000 0.000000 -0.777586 -0.407462 -0.478889
0.29982421 0.57778472 1.64506018 70 70 19 0.000000 1.000000 0.000000 -0.836210 -0.370074 -0.404719
0.29872063 0.57238525 1.64829528 63 69 21 0.000000 1.000000 0.000000 -0.703931 -0.365913 -0.608761
0.29942650 0.57701337 1.64618516 61 65 18 0.000000 2.000000 0.000000 -0.765161 -0.291111 -0.574268
0.29960239 0.57373083 1.64623976 63 68 20 0.000000 2.000000 0.000000 -0.818311 0.373404 -0.436962
0.29871893 0.56894100 1.64458716 72 80 24 0.000000 1.000000 0.000000 -0.731966 0.310482 -0.606486
0.29941350 0.57379377 1.64292622 70 72 23 0.000000 1.000000 0.000000 -0.983449 0.179546 0.024326
0.29729798 0.56963742 1.64635682 69 78 23 0.000000 2.000000 0.000000 -0.722146 0.414780 -0.553590
0.29950249 0.57050347 1.64279521 74 76 24 0.000000 1.000000 0.000000 -0.971687 0.055279 -0.229716
0.29950905 0.57666993 1.64298797 72 72 21 0.000000 1.000000 0.000000 -0.830427 0.066491 0.553146
0.29869908 0.57824010 1.64602137 64 67 18 0.000000 1.000000 0.000000 -0.762776 -0.400171 -0.507973
0.29894185 0.57623428 1.64712453 60 64 19 0.000000 2.000000 0.000000 -0.802086 -0.197084 -0.563752
0.29883659 0.56725025 1.64346945 84 90 28 0.000000 1.000000 0.000000 -0.616662 0.391820 -0.682792
0.29743573 0.56667775 1.64437616 83 90 26 0.000000 2.000000 0.000000 -0.684222 0.412521 -0.601387
0.29803237 0.57869464 1.64699459 61 63 17 0.000000 1.000000 0.000000 -0.777586 -0.407462 -0.478889
0.29789537 0.56708664 1.64437044 84 89 28 0.000000 2.000000 0.000000 -0.722474 0.357160 -0.592004
0.29938236 0.57137465 1.64394820 69 73 22 0.000000 2.000000 0.000000 -0.974679 0.145004 -0.170222
0.29779294 0.57672924 1.64900172 57 64 21 0.000000 1.000000 0.000000 -0.875824 -0.425230 -0.228281
0.30038899 0.57631779 1.64440358 68 70 21 0.000000 2.000000 0.000000 -0.955558 -0.119609 0.269449
0.29743510 0.56647283 1.64438498 83 90 27 0.000000 1.000000 0.000000 -0.644289 0.460207 -0.610820
0.29759860 0.57386512 1.64921236 62 69 22 0.000000 2.000000 0.000000 -0.761975 0.263457 -0.591595
0.30027953 0.57675940 1.64511621 67 69 20 0.000000 2.000000 0.000000 -0.934244 -0.306787 -0.181851
0.30008519 0.57389528 1.64532685 62 68 20 0.000000 2.000000 0.000000 -0.799933 0.548304 -0.243863
0.29978073 0.57126790 1.64625895 65 73 22 0.000000 1.000000 0.000000 -0.611675 0.776992 0.148786
0.29731500 0.56734401 1.64553809 79 88 26 0.000000 2.000000 0.000000 -0.788725 0.327969 -0.519951
0.29942650 0.57701337 1.64618516 60 65 19 0.000000 2.000000 0.000000 -0.766475 -0.284056 -0.576046
0.29865023 0.56704962 1.64356518 87 93 29 0.000000 1.000000 0.000000 -0.612606 0.410064 -0.675693
0.29869908 0.57824010 1.64602137 65 67 18 0.000000 1.000000 0.000000 -0.762776 -0.400171 -0.507973
0.29776612 0.57574439 1.64996195 56 65 19 0.000000 1.000000 0.000000 -0.808163 -0.433688 -0.398481
0.30003372 0.57774085 1.64405727 73 72 21 0.000000 1.000000 0.000000 -0.940210 -0.256926 0.223595
0.29785243 0.57554722 1.65015638 57 65 19 0.000000 2.000000 0.000000 -0.886480 -0.120561 -0.446786
0.29916391 0.57529241 1.64909947 58 65 21 0.000000 1.000000 0.000000 -0.236009 0.942656 -0.236009
0.30063236 0.57451683 1.64549780 60 66 20 0.000000 2.000000 0.000000 -0.781426 0.411020 -0.469506
0.29941663 0.57373518 1.64632654 64 68 20 0.000000 1.000000 0.000000 -0.867900 0.220348 -0.445192
0.29994881 0.57443511 1.64355516 67 69 20 0.000000 1.000000 0.000000 -0.828490 0.331711 0.451189
0.29635492 0.56885916 1.64728427 72 82 24 0.000000 2.000000 0.000000 -0.517346 0.618456 -0.591494
0.29916391 0.57529241 1.64909947 57 65 20 0.000000 2.000000 0.000000 -0.265386 0.933765 -0.240111
0.30030355 0.57172412 1.64735472 62 70 19 0.000000 2.000000 0.000000 -0.771755 0.165268 -0.614069
0.29978117 0.57538545 1.64654016 63 66 22 0.000000 2.000000 0.000000 -0.728948 0.035386 -0.683654
0.29938421 0.57198936 1.64392173 68 72 22 0.000000 2.000000 0.000000 -0.985589 0.125439 -0.113492
0.29995129 0.57525462 1.64351976 66 68 20 0.000000 1.000000 0.000000 -0.768473 0.038071 0.638749
0.29937232 0.57200915 1.64437973 67 72 21 0.000000 2.000000 0.000000 -0.982598 0.183434 -0.029209
0.29894185 0.57623428 1.64712453 60 64 19 0.000000 2.000000 0.000000 -0.802086 -0.197084 -0.563752
0.29889709 0.57039070 1.64489651 68 74 24 0.000000 2.000000 0.000000 -0.886555 0.344688 -0.308563
0.29871956 0.56914586 1.64457834 71 79 24 0.000000 1.000000 0.000000 -0.752059 0.295395 -0.589193
0.29836392 0.57731122 1.64825678 58 63 19 0.000000 1.000000 0.000000 -0.929728 -0.224320 -0.292039
0.29760167 0.57488954 1.64916813 60 66 20 0.000000 2.000000 0.000000 -0.743046 0.581163 -0.331862
0.29901892 0.57296377 1.64745152 63 69 19 0.000000 1.000000 0.000000 -0.810206 -0.304814 -0.500654
0.29750258 0.56795442 1.64542472 76 85 26 0.000000 2.000000 0.000000 -0.694575 0.354642 -0.625935
0.29862258 0.56977254 1.64482427 69 77 24 0.000000 2.000000 0.000000 -0.808590 0.338369 -0.481341
0.29662761 0.56886262 1.64738309 73 83 23 0.000000 1.000000 0.000000 -0.680701 0.347696 -0.644789
0.29982421 0.57778472 1.64506018 70 70 20 0.000000 1.000000 0.000000 -0.836210 -0.370074 -0.404719
0.30081812 0.57451254 1.64541101 61 66 20 0.000000 2.000000 0.000000 -0.777862 0.502942 -0.376802
0.29626861 0.56905627 1.64708984 72 81 24 0.000000 1.000000 0.000000 -0.292061 0.829328 -0.476356
0.29808077 0.57382464 1.64830828 62 68 20 0.000000 2.000000 0.000000 -0.806646 0.064020 -0.587557
0.29911834 0.57315665 1.64717031 63 69 19 0.000000 1.000000 0.000000 -0.849666 -0.261789 -0.457748
0.29897174 0.57824355 1.64612019 63 66 18 0.000000 2.000000 0.000000 -0.773425 -0.339278 -0.535448
0.29832736 0.57021850 1.64562380 68 75 24 0.000000 2.000000 0.000000 -0.687491 0.444455 -0.574296
0.29976615 0.57546383 1.64359784 66 69 20 0.000000 2.000000 0.000000 -0.762981 0.015287 0.646240
0.29929686 0.56786406 1.64345491 79 85 25 0.000000 1.000000 0.000000 -0.620803 0.329042 -0.711573
0.29683220 0.56717962 1.64645100 79 89 25 0.000000 1.000000 0.000000 -0.848329 0.317930 -0.423389
0.29950905 0.57666993 1.64298797 72 72 21 0.000000 1.000000 0.000000 -0.830427 0.066491 0.553146
0.29946172 0.57283640 1.64452994 67 70 21 0.000000 2.000000 0.000000 -0.963990 0.265128 0.020770
0.29708847 0.56968129 1.64735961 70 79 24 0.000000 2.000000 0.000000 -0.573861 0.319883 -0.753896
0.29743510 0.56647283 1.64438498 83 90 27 0.000000 1.000000 0.000000 -0.644289 0.460207 -0.610820
0.30012822 0.57629454 1.64384675 68 70 20 0.000000 2.000000 0.000000 -0.859228 -0.039868 0.510038
0.29681644 0.56988275 1.64725208 70 79 24 0.000000 1.000000 0.000000 -0.682177 0.487748 -0.544736
0.29803237 0.57869464 1.64699459 60 63 17 0.000000 1.000000 0.000000 -0.777586 -0.407462 -0.478889
0.29626861 0.56905627 1.64708984 72 81 24 0.000000 1.000000 0.000000 -0.292061 0.829328 -0.476356
0.29890651 0.56955135 1.64447379 69 77 24 0.000000 1.000000 0.000000 -0.851881 0.301483 -0.428260
0.29921144 0.57521325 1.64726746 62 66 19 0.000000 2.000000 0.000000 -0.753524 0.116952 -0.646935
0.29834649 0.57548702 1.64879429 58 64 20 0.000000 1.000000 0.000000 -0.957342 -0.119177 -0.263236
0.29750288 0.57490158 1.64944053 59 67 19 0.000000 1.000000 0.000000 -0.696713 0.664827 -0.269438
0.29938427 0.57090628 1.64736629 66 75 20 0.000000 1.000000 0.000000 -0.518496 0.606319 -0.602942
0.29764107 0.57497644 1.65118563 58 68 18 0.000000 1.000000 0.000000 -0.201238 0.866070 -0.457631
0.29779294 0.57672924 1.64900172 57 65 22 0.000000 1.000000 0.000000 -0.862835 -0.457678 -0.214583
0.29807955 0.57341486 1.64832592 62 68 20 0.000000 2.000000 0.000000 -0.792868 -0.023688 -0.608933
0.29869908 0.57824010 1.64602137 65 67 18 0.000000 1.000000 0.000000 -0.762776 -0.400171 -0.507973
0.29865023 0.56704962 1.64356518 86 92 29 0.000000 2.000000 0.000000 -0.627240 0.402162 -0.666960
0.29833460 0.57550681 1.64925230 57 65 20 0.000000 1.000000 0.000000 -0.938766 -0.254510 -0.232258
0.29805222 0.56939548 1.64556038 69 78 23 0.000000 2.000000 0.000000 -0.685845 0.370060 -0.626635
0.29741380 0.56733197 1.64526570 79 88 27 0.000000 2.000000 0.000000 -0.732797 0.367214 -0.572855
0.29992259 0.57365513 1.64450645 65 69 20 0.000000 2.000000 0.000000 -0.778245 0.605973 0.164716
0.29767796 0.57532686 1.64979398 57 65 19 0.000000 2.000000 0.000000 -0.905551 -0.095394 -0.413374
0.30019587 0.57386345 1.64459646 65 68 20 0.000000 2.000000 0.000000 -0.802900 0.566128 0.186686
0.29872063 0.57238525 1.64829528 63 69 21 0.000000 1.000000 0.000000 -0.703931 -0.365913 -0.608761
0.29730740 0.56879807 1.64593422 73 82 25 0.000000 2.000000 0.000000 -0.593979 0.463471 -0.657559
0.30082059 0.57533211 1.64537561 62 67 23 0.000000 1.000000 0.000000 -0.943832 -0.003740 -0.330404
0.29863140 0.56872833 1.64441037 72 80 24 0.000000 1.000000 0.000000 -0.725374 0.307198 -0.616005
0.29845721 0.57545513 1.64806390 59 63 19 0.000000 1.000000 0.000000 -0.917827 0.040939 -0.394864
0.30090749 0.57533985 1.64556122 62 67 23 0.000000 1.000000 0.000000 -0.905361 -0.006532 -0.424592
0.29932085 0.57585466 1.64311016 70 72 21 0.000000 1.000000 0.000000 -0.783099 0.280017 0.555289
0.29702348 0.56901926 1.64628458 72 81 24 0.000000 2.000000 0.000000 -0.555430 0.535172 -0.636466
0.29803154 0.57045954 1.64643216 67 74 22 0.000000 1.000000 0.000000 -0.638070 0.516853 -0.570727
0.29872063 0.57238525 1.64829528 63 69 21 0.000000 1.000000 0.000000 -0.703931 -0.365913 -0.608761
0.29995209 0.57154685 1.64322090 71 78 25 0.000000 2.000000 0.000000 -0.903667 0.046996 -0.425650
0.29796347 0.56877309 1.64540136 72 81 24 0.000000 2.000000 0.000000 -0.697895 0.315753 -0.642840
0.29796407 0.56897795 1.64539242 72 80 24 0.000000 2.000000 0.000000 -0.697895 0.315753 -0.642840
0.29626861 0.56905627 1.64708984 72 81 24 0.000000 1.000000 0.000000 -0.292061 0.829328 -0.476356
0.29673892 0.56903565 1.64664376 72 81 24 0.000000 2.000000 0.000000 -0.408446 0.696178 -0.590346
0.29987997 0.57537341 1.64626777 63 66 22 0.000000 1.000000 0.000000 -0.728984 0.020988 -0.684209
0.29681581 0.56967783 1.64726090 70 79 24 0.000000 2.000000 0.000000 -0.608767 0.524450 -0.595277
0.29969546 0.57578748 1.64633691 62 65 22 0.000000 2.000000 0.000000 -0.717161 -0.114330 -0.687465
0.29779294 0.57672924 1.64900172 57 65 21 0.000000 1.000000 0.000000 -0.862835 -0.457678 -0.214583
0.30018196 0.57718122 1.64537096 62 66 19 0.000000 2.000000 0.000000 -0.861549 -0.246806 -0.443645
0.29803237 0.57869464 1.64699459 61 64 17 0.000000 1.000000 0.000000 -0.777586 -0.407462 -0.478889
0.29989883 0.57369471 1.64542246 62 68 20 0.000000 2.000000 0.000000 -0.807458 0.541907 -0.233128
0.29932085 0.57585466 1.64311016 69 73 20 0.000000 1.000000 0.000000 -0.777179 0.297203 0.554674
0.29932147 0.57605958 1.64310133 70 72 20 0.000000 2.000000 0.000000 -0.797589 0.177074 0.576625
0.29741284 0.57386941 1.64929914 62 69 22 0.000000 2.000000 0.000000 -0.741037 0.327735 -0.586049
0.29949737 0.57277703 1.64315593 70 72 22 0.000000 1.000000 0.000000 -0.997945 -0.030755 -0.056207
0.29865023 0.56704962 1.64356518 87 93 30 0.000000 1.000000 0.000000 -0.612606 0.410064 -0.675693
0.29959884 0.56967187 1.64255810 75 80 26 0.000000 1.000000 0.000000 -0.966397 -0.111360 -0.231679
0.29951233 0.57378167 1.64265382 72 74 23 0.000000 1.000000 0.000000 -0.989447 0.117431 -0.084876
0.29769680 0.57364815 1.64894879 62 68 22 0.000000 2.000000 0.000000 -0.772203 0.175155 -0.610756
0.29729798 0.56963742 1.64635682 69 78 23 0.000000 2.000000 0.000000 -0.700990 0.412639 -0.581672
0.30046466 0.57655025 1.64503825 67 69 21 0.000000 2.000000 0.000000 -0.944606 -0.282155 -0.167657
0.29938427 0.57090628 1.64736629 66 75 20 0.000000 1.000000 0.000000 -0.518496 0.606319 -0.602942
0.29941556 0.57049572 1.64260960 75 77 25 0.000000 1.000000 0.000000 -0.966735 0.015729 -0.255296
0.29938427 0.57090628 1.64736629 66 75 20 0.000000 1.000000 0.000000 -0.518496 0.606319 -0.602942
0.29893753 0.57480001 1.64718640 63 66 19 0.000000 2.000000 0.000000 -0.773436 0.079512 -0.628868
0.29844379 0.56811798 1.64452374 78 85 25 0.000000 2.000000 0.000000 -0.690181 0.315188 -0.651389
0.29976985 0.57669318 1.64354479 71 71 21 0.000000 1.000000 0.000000 -0.872663 0.014791 0.488099
0.29826531 0.57341057 1.64823914 62 68 20 0.000000 2.000000 0.000000 -0.797152 -0.064171 -0.600359
0.29894185 0.57623428 1.64712453 61 63 19 0.000000 2.000000 0.000000 -0.805621 -0.196456 -0.558909
0.29815105 0.56938344 1.64528799 69 78 23 0.000000 2.000000 0.000000 -0.681487 0.362913 -0.635507
0.29855204 0.56726658 1.64382875 85 91 29 0.000000 2.000000 0.000000 -0.631464 0.399430 -0.664612
0.29988122 0.57578319 1.64625013 62 65 22 0.000000 1.000000 0.000000 -0.711792 -0.108027 -0.694034
0.29957241 0.57280457 1.64379954 68 71 22 0.000000 2.000000 0.000000 -0.994733 0.095838 -0.036352
0.29826897 0.57463992 1.64818609 60 66 20 0.000000 2.000000 0.000000 -0.864478 0.131771 -0.485092
0.29664460 0.56656921 1.64656425 78 89 23 0.000000 1.000000 0.000000 -0.831579 0.358194 -0.424468
0.29752266 0.56668550 1.64456177 83 90 26 0.000000 2.000000 0.000000 -0.699302 0.398420 -0.593497
0.29728734 0.57006699 1.64679718 68 76 23 0.000000 1.000000 0.000000 -0.660951 0.499497 -0.560042
0.30017212 0.57390302 1.64551246 61 67 20 0.000000 2.000000 0.000000 -0.792180 0.486877 -0.367970
0.29662699 0.56865770 1.64739192 74 84 24 0.000000 1.000000 0.000000 -0.689742 0.355520 -0.630762
0.29827699 0.57730347 1.64807117 58 63 19 0.000000 1.000000 0.000000 -0.937580 -0.184192 -0.294985
0.29768956 0.56835985 1.64532018 75 84 26 0.000000 2.000000 0.000000 -0.713393 0.307580 -0.629654
0.29869947 0.57041478 1.64544129 68 75 25 0.000000 2.000000 0.000000 -0.765765 0.426150 -0.481664
0.29976737 0.57587361 1.64358008 68 70 20 0.000000 2.000000 0.000000 -0.799661 0.020788 0.600092
0.29959291 0.57565325 1.64321780 68 71 20 0.000000 2.000000 0.000000 -0.781737 0.155142 0.604001
0.29958183 0.57196522 1.64337695 70 73 23 0.000000 2.000000 0.000000 -0.981287 0.065898 -0.180921
0.29932109 0.57085896 1.64626467 67 77 24 0.000000 1.000000 0.000000 -0.665248 0.741276 0.089187
0.29915974 0.57102859 1.64542675 65 73 24 0.000000 2.000000 0.000000 -0.878784 0.404090 -0.253871
0.29664460 0.56656921 1.64656425 79 88 24 0.000000 1.000000 0.000000 -0.831579 0.358194 -0.424468
0.29837641 0.57749629 1.64778996 58 63 18 0.000000 2.000000 0.000000 -0.911454 -0.211665 -0.352774
0.30020449 0.57673186 1.64447272 69 70 21 0.000000 1.000000 0.000000 -0.963184 -0.139083 0.230072
0.29962122 0.57205218 1.64539444 64 71 21 0.000000 2.000000 0.000000 -0.983659 0.177686 -0.029034
0.29969499 0.57275295 1.64261115 70 72 22 0.000000 1.000000 0.000000 -0.996962 -0.024630 -0.073889
0.29938427 0.57090628 1.64736629 66 75 20 0.000000 1.000000 0.000000 -0.518496 0.606319 -0.602942
0.29748496 0.57004285 1.64625227 68 76 22 0.000000 1.000000 0.000000 -0.651407 0.467204 -0.597821
0.29747909 0.57494116 1.65035653 58 67 19 0.000000 2.000000 0.000000 -0.551699 0.790612 -0.265633
0.29981232 0.57780451 1.64551806 57 63 18 0.000000 1.000000 0.000000 -0.755174 -0.152241 -0.637602
0.29664460 0.56656921 1.64656425 79 89 24 0.000000 1.000000 0.000000 -0.831579 0.358194 -0.424468
0.30048868 0.57151496 1.64727676 63 70 19 0.000000 2.000000 0.000000 -0.626274 0.481878 -0.612842
0.29826897 0.57463992 1.64818609 61 66 20 0.000000 2.000000 0.000000 -0.836064 0.161867 -0.524211
0.29875916 0.57726300 1.64716721 60 63 18 0.000000 2.000000 0.000000 -0.833153 -0.247944 -0.494348
0.29994944 0.57463998 1.64354634 67 69 20 0.000000 1.000000 0.000000 -0.793022 0.341240 0.504650
0.29937047 0.57139444 1.64440620 67 72 22 0.000000 2.000000 0.000000 -0.974108 0.214967 -0.070018
0.29916391 0.57529241 1.64909947 58 65 21 0.000000 1.000000 0.000000 -0.236009 0.942656 -0.236009
0.29982421 0.57778472 1.64506018 70 70 20 0.000000 1.000000 0.000000 -0.836210 -0.370074 -0.404719
0.29869908 0.57824010 1.64602137 65 67 17 0.000000 1.000000 0.000000 -0.762776 -0.400171 -0.507973
0.29897115 0.57803869 1.64612901 60 64 19 0.000000 2.000000 0.000000 -0.781057 -0.235408 -0.578388
0.29681644 0.56988275 1.64725208 70 79 23 0.000000 1.000000 0.000000 -0.682177 0.487748 -0.544736
0.29991114 0.57779247 1.64524567 64 67 19 0.000000 2.000000 0.000000 -0.808600 -0.273704 -0.520819
0.29951233 0.57378167 1.64265382 72 74 24 0.000000 1.000000 0.000000 -0.989447 0.117431 -0.084876
0.29907697 0.57528466 1.64891386 58 64 20 0.000000 2.000000 0.000000 -0.439478 0.849658 -0.291444
0.29872063 0.57238525 1.64829528 63 69 21 0.000000 1.000000 0.000000 -0.703931 -0.365913 -0.608761
0.29683280 0.56738448 1.64644206 79 88 25 0.000000 1.000000 0.000000 -0.860896 0.293104 -0.415870
0.29941615 0.57070065 1.64260077 76 77 25 0.000000 1.000000 0.000000 -0.964441 0.056145 -0.258266
0.29797348 0.56813866 1.64496982 78 85 26 0.000000 2.000000 0.000000 -0.694787 0.322291 -0.642962
0.29957488 0.57362413 1.64376414 67 71 21 0.000000 2.000000 0.000000 -0.898400 0.412778 0.149971
0.29984391 0.57131523 1.64736056 64 72 19 0.000000 2.000000 0.000000 -0.725661 0.268352 -0.633564
0.29865023 0.56704962 1.64356518 86 92 29 0.000000 1.000000 0.000000 -0.612606 0.410064 -0.675693
0.29885799 0.57725096 1.64689469 60 63 19 0.000000 2.000000 0.000000 -0.817202 -0.249657 -0.519473
0.29922843 0.57291991 1.64644873 63 70 18 0.000000 1.000000 0.000000 -0.989868 0.028282 -0.139147
0.29943794 0.57287604 1.64544594 64 69 20 0.000000 2.000000 0.000000 -0.926825 0.320227 -0.196086
0.29969499 0.57275295 1.64261115 70 72 22 0.000000 1.000000 0.000000 -0.996962 -0.024630 -0.073889
0.29959884 0.56967187 1.64255810 75 80 26 0.000000 1.000000 0.000000 -0.966397 -0.111360 -0.231679
0.29842556 0.57000154 1.64536023 69 76 24 0.000000 2.000000 0.000000 -0.701856 0.404600 -0.586257
0.29764107 0.57497644 1.65118563 58 68 18 0.000000 1.000000 0.000000 -0.201238 0.866070 -0.457631
0.29893568 0.57418537 1.64721286 63 68 20 0.000000 2.000000 0.000000 -0.791075 0.046700 -0.609934
0.29869908 0.57824010 1.64602137 65 67 18 0.000000 1.000000 0.000000 -0.762776 -0.400171 -0.507973
0.29900840 0.57056373 1.64415717 68 73 23 0.000000 1.000000 0.000000 -0.954983 0.249068 -0.161162
0.29993489 0.57775289 1.64432979 71 71 20 0.000000 1.000000 0.000000 -0.948461 -0.315309 -0.031658
0.29837579 0.57729143 1.64779878 58 63 19 0.000000 2.000000 0.000000 -0.912803 -0.193451 -0.359676
0.29683405 0.56779426 1.64642441 77 87 25 0.000000 2.000000 0.000000 -0.784779 0.369023 -0.497940
0.29895803 0.57764870 1.64660466 58 64 18 0.000000 2.000000 0.000000 -0.799866 -0.227428 -0.555420
0.29893690 0.57459515 1.64719522 63 67 20 0.000000 2.000000 0.000000 -0.762692 0.095153 -0.639724
0.29826653 0.57382035 1.64822149 63 68 20 0.000000 2.000000 0.000000 -0.813695 0.023565 -0.580815
0.29779717 0.56730360 1.64463401 83 89 28 0.000000 2.000000 0.000000 -0.723869 0.357849 -0.589880
0.29261971 0.57587337 1.65735292 67 74 22 0.000000 1.000000 0.000000 -0.881656 0.471891 -0.001322
0.29565430 0.57281739 1.65333951 67 76 24 0.000000 1.000000 0.000000 -0.756496 -0.535241 -0.375808
0.29471302 0.57373679 1.65079594 61 69 20 0.000000 2.000000 0.000000 -0.571483 0.672037 -0.470929
0.29169858 0.57444090 1.65739095 70 78 25 0.000000 1.000000 0.000000 -0.864521 0.479641 -0.150161
0.29156414 0.57384878 1.64841366 65 74 20 0.000000 1.000000 0.000000 -0.402153 0.490073 -0.773371
0.29240835 0.57530260 1.65838230 73 78 22 0.000000 1.000000 0.000000 -0.668852 0.734106 0.117160
0.29116642 0.57307738 1.64953864 64 74 22 0.000000 1.000000 0.000000 -0.879744 0.427304 -0.208477
0.29110017 0.57200563 1.64848125 69 78 21 0.000000 1.000000 0.000000 -0.492436 0.147585 -0.857745
0.29569793 0.57542151 1.65185070 59 68 20 0.000000 1.000000 0.000000 -0.486386 0.453411 -0.746891
0.29208094 0.56942648 1.64586329 75 86 28 0.000000 1.000000 0.000000 0.139155 0.848114 -0.511212
0.29352400 0.57676959 1.65439916 63 69 21 0.000000 1.000000 0.000000 -0.920201 -0.353707 -0.167694
0.29399058 0.57551962 1.65400612 62 70 21 0.000000 2.000000 0.000000 -0.961670 -0.142615 -0.234203
0.29404631 0.57419133 1.65176916 63 70 20 0.000000 1.000000 0.000000 -0.788820 0.455151 -0.413037
0.29425216 0.57291812 1.65081942 64 72 21 0.000000 1.000000 0.000000 -0.762476 0.639543 -0.098054
0.29183725 0.57755029 1.66286182 82 83 23 0.000000 1.000000 0.000000 -0.405607 -0.496828 -0.767232
0.29351276 0.57591128 1.65829277 70 75 22 0.000000 1.000000 0.000000 -0.895676 0.436071 0.087214
0.29370296 0.57451153 1.65440953 65 74 22 0.000000 1.000000 0.000000 -0.843259 -0.020501 -0.537116
0.29508513 0.57393306 1.65061343 61 68 20 0.000000 2.000000 0.000000 -0.415826 0.707401 -0.571553
0.29370296 0.57451153 1.65440953 65 74 22 0.000000 1.000000 0.000000 -0.843259 -0.020501 -0.537116
0.29575115 0.57393724 1.66027284 73 78 20 0.000000 1.000000 0.000000 -0.821856 0.512306 0.249188
0.29508451 0.57372820 1.65062225 61 69 20 0.000000 2.000000 0.000000 -0.392878 0.731509 -0.557262
0.29372099 0.57654065 1.65386307 62 69 21 0.000000 1.000000 0.000000 -0.922873 -0.256115 -0.287593
0.29627582 0.57500815 1.66134214 75 79 20 0.000000 1.000000 0.000000 -0.973519 0.080405 -0.214001
0.29506382 0.57479221 1.65149415 61 69 20 0.000000 2.000000 0.000000 -0.502332 0.566174 -0.653536
0.29283291 0.57705885 1.65629709 62 69 21 0.000000 1.000000 0.000000 -0.979755 -0.005784 -0.200115
0.29430199 0.57648814 1.65268672 58 66 19 0.000000 2.000000 0.000000 -0.769348 -0.088715 -0.632640
0.29709572 0.57496959 1.65098822 59 68 19 0.000000 2.000000 0.000000 -0.162210 0.747379 -0.644292
0.29438648 0.57567632 1.65290761 60 68 20 0.000000 2.000000 0.000000 -0.864530 0.045502 -0.500517
0.29354542 0.57308084 1.64978385 63 71 21 0.000000 1.000000 0.000000 -0.474429 0.879528 0.036704
0.29215944 0.57525963 1.65736759 69 76 22 0.000000 1.000000 0.000000 -0.843448 0.510234 -0.168095
0.29442331 0.57669032 1.66213965 78 81 23 0.000000 1.000000 0.000000 -0.477027 -0.567411 -0.671185
0.29354542 0.57308084 1.64978385 63 71 20 0.000000 1.000000 0.000000 -0.474429 0.879528 0.036704
0.29379174 0.57513398 1.65456855 64 72 22 0.000000 1.000000 0.000000 -0.925925 -0.054155 -0.373804
0.29630843 0.57326078 1.64938867 62 70 22 0.000000 1.000000 0.000000 -0.217163 0.836761 -0.502664
0.29583871 0.57414985 1.66044950 73 78 20 0.000000 1.000000 0.000000 -0.829908 0.504694 0.237774
0.29183725 0.57755029 1.66286182 82 83 23 0.000000 1.000000 0.000000 -0.405607 -0.496828 -0.767232
0.29513445 0.57513213 1.65937865 71 76 19 0.000000 1.000000 0.000000 -0.460328 0.398951 0.793055
0.29403117 0.57709938 1.65256143 55 65 18 0.000000 1.000000 0.000000 -0.663156 -0.376831 -0.646701
0.29647288 0.57411557 1.65018249 60 69 20 0.000000 2.000000 0.000000 -0.311838 0.712542 -0.628523
0.29565430 0.57281739 1.65333951 66 75 23 0.000000 1.000000 0.000000 -0.765835 -0.521939 -0.375601
0.29333073 0.57714492 1.65832663 67 74 21 0.000000 1.000000 0.000000 -0.977468 -0.181653 0.107509
0.29342517 0.57678169 1.65467155 63 69 21 0.000000 1.000000 0.000000 -0.927517 -0.291181 -0.234365
0.29303318 0.57394165 1.65542686 67 75 22 0.000000 1.000000 0.000000 -0.813950 -0.029219 -0.580200
0.29582047 0.57603347 1.66128600 76 80 21 0.000000 1.000000 0.000000 -0.826231 -0.434442 -0.358612
0.29513445 0.57513213 1.65937865 72 76 20 0.000000 1.000000 0.000000 -0.460328 0.398951 0.793055
0.29458225 0.57503754 1.65238929 60 69 19 0.000000 2.000000 0.000000 -0.873061 0.118599 -0.472968
0.29425275 0.57312304 1.65081060 63 71 20 0.000000 1.000000 0.000000 -0.730687 0.656849 -0.186133
0.29289299 0.57608175 1.65744293 67 74 22 0.000000 1.000000 0.000000 -0.890586 0.436061 0.129256
0.29565430 0.57281739 1.65333951 67 76 24 0.000000 1.000000 0.000000 -0.756496 -0.535241 -0.375808
0.29582047 0.57603347 1.66128600 76 80 21 0.000000 1.000000 0.000000 -0.826231 -0.434442 -0.358612
0.29569793 0.57542151 1.65185070 60 68 21 0.000000 1.000000 0.000000 -0.486386 0.453411 -0.746891
0.29208094 0.56942648 1.64586329 75 86 28 0.000000 1.000000 0.000000 0.139155 0.848114 -0.511212
0.29232141 0.57529491 1.65819669 72 77 22 0.000000 1.000000 0.000000 -0.717159 0.694164 0.061799
0.29110017 0.57200563 1.64848125 69 78 21 0.000000 1.000000 0.000000 -0.492436 0.147585 -0.857745
0.29110017 0.57200563 1.64848125 69 78 21 0.000000 1.000000 0.000000 -0.492436 0.147585 -0.857745
0.29183725 0.57755029 1.66286182 82 82 23 0.000000 1.000000 0.000000 -0.405607 -0.496828 -0.767232
0.29513445 0.57513213 1.65937865 72 76 20 0.000000 1.000000 0.000000 -0.460328 0.398951 0.793055
0.29403117 0.57709938 1.65256143 56 65 18 0.000000 1.000000 0.000000 -0.663156 -0.376831 -0.646701
0.29474115 0.57404840 1.65326262 63 73 22 0.000000 2.000000 0.000000 -0.855022 -0.412823 -0.313869
0.29311812 0.57616436 1.65937364 71 76 18 0.000000 1.000000 0.000000 -0.802239 0.346095 -0.486447
0.29565430 0.57281739 1.65333951 67 76 24 0.000000 1.000000 0.000000 -0.756496 -0.535241 -0.375808
0.29169858 0.57444090 1.65739095 70 78 25 0.000000 1.000000 0.000000 -0.864521 0.479641 -0.150161
0.29116642 0.57307738 1.64953864 65 75 22 0.000000 1.000000 0.000000 -0.910277 0.360947 -0.202763
0.29474115 0.57404840 1.65326262 64 74 23 0.000000 1.000000 0.000000 -0.826411 -0.394964 -0.401309
0.29242083 0.57548773 1.65791547 70 76 22 0.000000 1.000000 0.000000 -0.784920 0.615595 0.070313
0.29137471 0.57262373 1.64855349 66 75 21 0.000000 1.000000 0.000000 -0.715802 0.219887 -0.662780
0.29600006 0.57398027 1.66128755 72 77 20 0.000000 1.000000 0.000000 -0.965242 0.228101 -0.127582
0.29183725 0.57755029 1.66286182 81 82 22 0.000000 1.000000 0.000000 -0.405607 -0.496828 -0.767232
0.29403117 0.57709938 1.65256143 56 65 18 0.000000 1.000000 0.000000 -0.663156 -0.376831 -0.646701
0.29169858 0.57444090 1.65739095 70 77 25 0.000000 1.000000 0.000000 -0.864521 0.479641 -0.150161
0.29264164 0.57521915 1.65646350 68 76 25 0.000000 1.000000 0.000000 -0.878497 0.311039 -0.362626
0.29592630 0.57369894 1.65000260 61 69 20 0.000000 2.000000 0.000000 -0.315198 0.719298 -0.619081
0.29333073 0.57714492 1.65832663 68 75 21 0.000000 1.000000 0.000000 -0.972756 -0.207103 0.104179
0.29464296 0.57426536 1.65352619 64 73 22 0.000000 1.000000 0.000000 -0.832862 -0.363688 -0.417218
0.29333073 0.57714492 1.65832663 67 75 21 0.000000 1.000000 0.000000 -0.972756 -0.207103 0.104179
0.29312873 0.57681781 1.65548873 63 69 21 0.000000 1.000000 0.000000 -0.942840 -0.167828 -0.287900
0.29284868 0.57435572 1.65549600 66 74 22 0.000000 1.000000 0.000000 -0.810085 0.097094 -0.578218
0.29341328 0.57680148 1.65512955 63 69 21 0.000000 1.000000 0.000000 -0.928180 -0.239485 -0.284831
0.29303443 0.57435143 1.65540922 66 74 22 0.000000 1.000000 0.000000 -0.810085 0.097094 -0.578218
0.29156229 0.57323408 1.64844012 65 74 21 0.000000 1.000000 0.000000 -0.600294 0.376623 -0.705551
0.29569793 0.57542151 1.65185070 59 68 21 0.000000 1.000000 0.000000 -0.486386 0.453411 -0.746891
0.29208094 0.56942648 1.64586329 75 86 28 0.000000 1.000000 0.000000 0.139155 0.848114 -0.511212
0.29311812 0.57616436 1.65937364 71 76 18 0.000000 1.000000 0.000000 -0.802239 0.346095 -0.486447
0.29398936 0.57510984 1.65402377 63 71 21 0.000000 2.000000 0.000000 -0.933365 -0.092399 -0.346832
0.29283229 0.57685393 1.65630591 63 69 20 0.000000 1.000000 0.000000 -0.974357 0.017802 -0.224304
0.29582047 0.57603347 1.66128600 76 80 21 0.000000 1.000000 0.000000 -0.826231 -0.434442 -0.358612
0.29425216 0.57291812 1.65081942 64 72 20 0.000000 1.000000 0.000000 -0.762476 0.639543 -0.098054
0.29565430 0.57281739 1.65333951 67 76 24 0.000000 1.000000 0.000000 -0.756496 -0.535241 -0.375808
0.29415768 0.57328135 1.65447450 66 76 24 0.000000 1.000000 0.000000 -0.702588 -0.294219 -0.647924
0.29110080 0.57221055 1.64847243 67 76 21 0.000000 1.000000 0.000000 -0.621479 0.191815 -0.759586
0.29425216 0.57291812 1.65081942 64 72 21 0.000000 1.000000 0.000000 -0.762476 0.639543 -0.098054
0.29683369 0.57453656 1.65044916 60 68 20 0.000000 2.000000 0.000000 -0.264611 0.749466 -0.606862
0.29579118 0.57422906 1.66228151 76 81 23 0.000000 1.000000 0.000000 -0.933684 0.220434 -0.282211
0.29575115 0.57393724 1.66027284 73 78 20 0.000000 1.000000 0.000000 -0.821856 0.512306 0.249188
0.29513445 0.57513213 1.65937865 72 76 20 0.000000 1.000000 0.000000 -0.460328 0.398951 0.793055
0.29419950 0.57527083 1.65301216 61 69 20 0.000000 2.000000 0.000000 -0.947253 -0.018820 -0.319933
0.29529652 0.57342082 1.65302873 64 73 22 0.000000 2.000000 0.000000 -0.854457 -0.516030 -0.060134
0.29546726 0.57349491 1.64999950 61 70 21 0.000000 2.000000 0.000000 -0.289765 0.715609 -0.635563
0.29597938 0.57504427 1.66215932 77 80 23 0.000000 1.000000 0.000000 -0.849467 -0.225616 -0.476973
0.29513445 0.57513213 1.65937865 72 76 20 0.000000 1.000000 0.000000 -0.460328 0.398951 0.793055
0.29331577 0.57614022 1.65882874 71 76 20 0.000000 1.000000 0.000000 -0.890628 0.406432 -0.203949
0.29339832 0.57579678 1.65563166 64 72 21 0.000000 1.000000 0.000000 -0.907485 0.089238 -0.410496
0.29562166 0.57498419 1.65122473 60 67 19 0.000000 1.000000 0.000000 -0.437525 0.563958 -0.700373
0.29415768 0.57328135 1.65447450 66 76 24 0.000000 1.000000 0.000000 -0.702588 -0.294219 -0.647924
0.29208094 0.56942648 1.64586329 75 86 27 0.000000 1.000000 0.000000 0.139155 0.848114 -0.511212
0.29648471 0.57475936 1.66034818 72 78 20 0.000000 1.000000 0.000000 -0.934050 0.347770 0.081280
0.29600319 0.57434112 1.65061963 61 68 19 0.000000 2.000000 0.000000 -0.369808 0.695240 -0.616347
0.29709572 0.57496959 1.65098822 59 68 19 0.000000 2.000000 0.000000 -0.162626 0.743217 -0.648985
0.29425216 0.57291812 1.65081942 64 72 21 0.000000 1.000000 0.000000 -0.762476 0.639543 -0.098054
0.29311812 0.57616436 1.65937364 70 76 18 0.000000 1.000000 0.000000 -0.802239 0.346095 -0.486447
0.29285052 0.57497036 1.65546954 66 74 23 0.000000 1.000000 0.000000 -0.797041 0.271969 -0.539221
0.29301557 0.57603008 1.65625453 64 72 21 0.000000 1.000000 0.000000 -0.915205 0.186457 -0.357257
0.29565430 0.57281739 1.65333951 67 76 24 0.000000 1.000000 0.000000 -0.756496 -0.535241 -0.375808
0.29579177 0.57443392 1.66227269 76 80 22 0.000000 1.000000 0.000000 -0.938944 0.108805 -0.326414
0.29485184 0.57401657 1.65253222 61 72 22 0.000000 2.000000 0.000000 -0.937830 -0.319869 -0.134754
0.29579177 0.57443392 1.66227269 76 80 22 0.000000 1.000000 0.000000 -0.928600 0.065095 -0.365329
0.29415768 0.57328135 1.65447450 66 75 24 0.000000 1.000000 0.000000 -0.702588 -0.294219 -0.647924
0.29387990 0.57555145 1.65473652 63 71 22 0.000000 1.000000 0.000000 -0.956789 -0.057027 -0.285136
0.29415768 0.57328135 1.65447450 66 76 24 0.000000 1.000000 0.000000 -0.702588 -0.294219 -0.647924
0.29323128 0.57695204 1.65860784 68 75 20 0.000000 1.000000 0.000000 -0.994870 -0.100459 -0.011882
0.29331449 0.57681352 1.65540195 63 69 21 0.000000 1.000000 0.000000 -0.932508 -0.191535 -0.306176
0.29303318 0.57394165 1.65542686 67 75 22 0.000000 1.000000 0.000000 -0.813950 -0.029219 -0.580200
0.29630843 0.57326078 1.64938867 62 71 22 0.000000 1.000000 0.000000 -0.203549 0.845860 -0.493041
0.29289299 0.57608175 1.65744293 67 74 22 0.000000 1.000000 0.000000 -0.890586 0.436061 0.129256
0.29582047 0.57603347 1.66128600 76 80 21 0.000000 1.000000 0.000000 -0.826231 -0.434442 -0.358612
0.29522887 0.57585198 1.65227902 57 67 18 0.000000 2.000000 0.000000 -0.509852 0.437251 -0.740852
0.29208094 0.56942648 1.64586329 75 86 28 0.000000 1.000000 0.000000 0.139155 0.848114 -0.511212
0.29183725 0.57755029 1.66286182 82 83 22 0.000000 1.000000 0.000000 -0.405607 -0.496828 -0.767232
0.29415768 0.57328135 1.65447450 66 75 23 0.000000 1.000000 0.000000 -0.702588 -0.294219 -0.647924
0.29483995 0.57403636 1.65299022 63 72 22 0.000000 2.000000 0.000000 -0.887439 -0.447247 -0.111459
0.29442331 0.57669032 1.66213965 78 82 23 0.000000 1.000000 0.000000 -0.477027 -0.567411 -0.671185
0.29383230 0.57671368 1.65312386 60 68 21 0.000000 2.000000 0.000000 -0.864278 -0.175810 -0.471290
0.29442269 0.57648540 1.66214848 77 81 22 0.000000 1.000000 0.000000 -0.509547 -0.566724 -0.647445
0.29467103 0.57565999 1.65254843 59 67 19 0.000000 2.000000 0.000000 -0.782126 0.181429 -0.596123
0.29354542 0.57308084 1.64978385 62 71 21 0.000000 1.000000 0.000000 -0.474429 0.879528 0.036704
0.29583815 0.57328141 1.64983463 62 70 21 0.000000 2.000000 0.000000 -0.282445 0.742018 -0.607976
0.29183725 0.57755029 1.66286182 82 83 23 0.000000 1.000000 0.000000 -0.405607 -0.496828 -0.767232
0.29403117 0.57709938 1.65256143 55 65 18 0.000000 1.000000 0.000000 -0.663156 -0.376831 -0.646701
0.29675743 0.57409924 1.64982319 61 69 21 0.000000 2.000000 0.000000 -0.337679 0.667202 -0.663939
0.29285052 0.57497036 1.65546954 65 73 22 0.000000 1.000000 0.000000 -0.791786 0.264974 -0.550330
0.29218012 0.57419556 1.65649581 69 76 23 0.000000 1.000000 0.000000 -0.810376 0.314356 -0.494440
0.29294366 0.57594395 1.65901124 71 76 19 0.000000 1.000000 0.000000 -0.807513 0.522139 -0.274397
0.29126462 0.57286048 1.64927506 65 75 22 0.000000 1.000000 0.000000 -0.893788 0.349485 -0.281075
0.29600129 0.57439005 1.66126990 73 78 20 0.000000 1.000000 0.000000 -0.971521 0.177453 -0.157026
0.29507446 0.57436264 1.65105379 61 68 19 0.000000 2.000000 0.000000 -0.503271 0.617727 -0.604262
0.29485738 0.57586056 1.65245271 57 67 18 0.000000 2.000000 0.000000 -0.618388 0.350800 -0.703232
0.29162732 0.57389611 1.64951515 65 73 21 0.000000 1.000000 0.000000 -0.512291 0.835684 -0.197965
0.29570425 0.57422131 1.66209590 75 80 22 0.000000 1.000000 0.000000 -0.936337 0.221874 -0.272110
0.29522887 0.57585198 1.65227902 56 66 17 0.000000 2.000000 0.000000 -0.467140 0.477044 -0.744453
0.29485121 0.57381165 1.65254104 62 72 21 0.000000 2.000000 0.000000 -0.900111 -0.434765 0.027921
0.29208094 0.56942648 1.64586329 75 86 28 0.000000 1.000000 0.000000 0.139155 0.848114 -0.511212
0.29442331 0.57669032 1.66213965 77 82 23 0.000000 1.000000 0.000000 -0.477027 -0.567411 -0.671185
0.29442331 0.57669032 1.66213965 78 82 23 0.000000 1.000000 0.000000 -0.477027 -0.567411 -0.671185
0.29448774 0.57648385 1.65259981 57 65 18 0.000000 2.000000 0.000000 -0.701131 -0.029625 -0.712417
0.29354542 0.57308084 1.64978385 63 71 21 0.000000 1.000000 0.000000 -0.474429 0.879528 0.036704
0.29246530 0.57438409 1.65612769 68 76 23 0.000000 1.000000 0.000000 -0.801715 0.305189 -0.513920
0.29154038 0.57388836 1.64932966 65 73 21 0.000000 1.000000 0.000000 -0.515472 0.814477 -0.266301
0.29442331 0.57669032 1.66213965 77 82 22 0.000000 1.000000 0.000000 -0.477027 -0.567411 -0.671185
0.29354542 0.57308084 1.64978385 63 71 21 0.000000 1.000000 0.000000 -0.474429 0.879528 0.036704
0.29218012 0.57419556 1.65649581 70 77 23 0.000000 1.000000 0.000000 -0.810376 0.314356 -0.494440
0.29135340 0.57348287 1.64943409 65 74 22 0.000000 1.000000 0.000000 -0.736235 0.614860 -0.282676
0.29648471 0.57475936 1.66034818 73 78 19 0.000000 1.000000 0.000000 -0.929058 0.357330 0.095738
0.29591626 0.57433343 1.65043402 61 68 19 0.000000 2.000000 0.000000 -0.343809 0.718578 -0.604518
0.29597938 0.57504427 1.66215932 76 79 22 0.000000 1.000000 0.000000 -0.871673 -0.190910 -0.451376
0.29486680 0.57502121 1.65203011 61 68 20 0.000000 2.000000 0.000000 -0.690653 0.380766 -0.614830
0.29368287 0.57578045 1.65527248 64 72 22 0.000000 1.000000 0.000000 -0.896914 0.047348 -0.439664
0.29311812 0.57616436 1.65937364 70 76 17 0.000000 1.000000 0.000000 -0.802239 0.346095 -0.486447
0.29218012 0.57419556 1.65649581 70 77 23 0.000000 1.000000 0.000000 -0.810376 0.314356 -0.494440
0.29442331 0.57669032 1.66213965 78 82 23 0.000000 1.000000 0.000000 -0.477027 -0.567411 -0.671185
0.29404631 0.57419133 1.65176916 62 70 19 0.000000 1.000000 0.000000 -0.788820 0.455151 -0.413037
0.29354542 0.57308084 1.64978385 63 71 21 0.000000 1.000000 0.000000 -0.474429 0.879528 0.036704
0.29423207 0.57418704 1.65168238 62 69 20 0.000000 2.000000 0.000000 -0.734757 0.506900 -0.450761
0.29135340 0.57348287 1.64943409 65 73 22 0.000000 1.000000 0.000000 -0.734966 0.644843 -0.209768
0.29544657 0.57455897 1.65087128 61 67 19 0.000000 2.000000 0.000000 -0.410281 0.622897 -0.666084
0.29684496 0.57431191 1.64999998 60 68 20 0.000000 2.000000 0.000000 -0.414454 0.714974 -0.563063
0.29415831 0.57348627 1.65446568 65 75 23 0.000000 1.000000 0.000000 -0.713341 -0.301117 -0.632829
0.29630843 0.57326078 1.64938867 62 70 22 0.000000 1.000000 0.000000 -0.217163 0.836761 -0.502664
0.29169858 0.57444090 1.65739095 70 78 25 0.000000 1.000000 0.000000 -0.864521 0.479641 -0.150161
